926 Move

111 11111 1111111111. 11111111111111111 11111111 1111111111
1111111. 11111. 190. 911111199. 111111 1111111. 220. 997. 1111111111. 9111ιῶ190.

’111111111111111111192 111122. 811111. 111111. 212. 798. 11119111. 9111111281. 791.
111111. 11111111. 219. 1111111111111. Gany. 199. 116. 11811111. 1111111 221. 511.
8111111111 opit. 189 111 9. 111111111 11111. 280 111 612. Ἱ111111. 91111. 202. 298.
suumin. 1111111. 280. 689. 11111111 111111. 281 111 651. 111111 11111. 818 911.

· 11111111. (swina. 1111111. 1111111. 81111291 111292. 11111. mem. 219. 191.
1111911111111. 1911119. 188. 76. tenera„ 11111. 199. 211. 11111. 11111111. 2181111196.
1111111. Nm. 228. 919. 2111111. 1111117. 172. 1111111111. 91111 289 111 619.
1111111111.Ρ1111.219. 119. tentaculum„ 1111111. 289, 755. 1111111. 1111113. 219. 699.
11111. 91111218. 119. 1111111111. 1111111. 200. 229 11111 11111. 611111. 220. 909.
11111111117111. 299. 11111111. 11111111. 29011611.
1111111111. Kar. 1111. 287. 729. 1111111111. Ρ111. 289. 618. 11111111. Schmun. 1111. 21111
1111111. Koma. 191. 119. tenuit. Nm. 287. 721. 726.
spadica 11111. 229. 699. 11111. 11111. 229 111 692. 1111111111. omre. 212191.
11111111. 91111. 2281111619. 111111. 11υά11. 281 111659. 1111111111 211111111222 911
1111111111. Stena. 221. 968. 1111111111 91116. 819. 961 ex 111· vosiensis„ 111. 288. 111.
spumidum 1111111. 191. 117. 111111. 11111111 nub. 289 111111.
1111112111. ulfac. m 999. 1111111111191111. 227. 998. ι 11111111 pull& 116111 211 11
111111111111111111. 1111111111111111. 111.
sputo& 1911919. 209. 998. 11111111. 91111. 221. 979. 1111111111ιί1. Pomm. 289111.
11111111. 1111111. 291. 997. 11111111. 1111111229111912. 1111111. mil& 219199.
spiculata. 91111. 188. 69. - 11111111. 9111111. Tm. 221 111 victoriali& 11111228 929.
amabilis. 11111. 228. 619. 969. 29111111. 91111. 242 111191.
111111111111. 911. Sm- 228 111 mucha 9111111. 198197. 111111. Lam, 192 199 1119111

118. theom 91111222 199. 191.
1111111111. 1111111. 218. 121. 2111111ςὶ1. 81119. 221. 599 virescent 1111111211216.
w ..1
1111111. mr. 181. 36. . 182. 11118111. 111111. 229 111119.

= 1111111. 911. 188 1119. 1111111111. n. 8111. 2191111199. 1111111. Prin. 199. 217.
11111111. Nus. 991. 991. 21111111. 11111202111216. 111111811111122111199
1111111111 Boou. 188 69. ’11111111 71111111 227. 996. 9111111. 1111111. 210 971.
apiculam 11111. 219. 162. 11111. Boou. 214. 192. 11111111. Pria. 211 111881.
1111111111.(91116.) 191. 169. ¹ 1111111111. 1911119. 1981111291. 1111111. un 182. 121 11 191 19
spreto„ (91118.) 212. 199. 1111111. 19111. 201. 219. 199.

11111111. 1111 189. 18. 1111111111. 1111111. 2111. 798. vulpinum Nm. 292 m
11111 1111111. 210. 978. 1111111111 11111216. 191. 111ρὶ111111. meu. 198 111111·
9111111111111111 2191111196. 1111111 611. 211. 717. 11111111ῐά11. Yon. 19111191·
1111111111111. 111111111111111. ...111111111111111
1112111111111.111 1991112111. 1111111119191211. 189. 19111111. 1111128919.
mum 11111. 11111111. 1111.. Nm. 111 sub 11. 11111111111111111
nummis rm. 111. 111. 111111 1... 11711111. 1111111111111181
1111111111. 2111299 111 719. 1111111111. Boou. 216. 929. 1211111111. Secund 211. 196-
11111111111. Why. 187. 69. 1111111111. 1111111111. 111111ωὼ11.Βοὶ11. 190111·
11111111. Sem. 199111 299. 1111111111. 711111. 282. 661. 1111111111. Nm. 108911·
summu. 1111111111 111. 1111.. 1111. 111. 712. 1111...ι1.11...11111·1
8111111111. 111111. 284. 99. 1111111111 111111 198. 112. 699.
1811111111 stacia. 289111 111. ’1111111111191111289192 vanari. (9111111211. 111·
1111111. mm. 191. m. 11111111. Beuum 211. 989.
1111111111. W 198 299 11 111 1111911111. Auden. 229111919.
292. turbinato„ 111111219999. .
1111111. 11. 91. 228. 591. 1111111 91111. 211. 992. 1112111111. 1911111.
1111111111. 111111. 2211111961. 1111111111. 2111210. 719. 2111111111. Kum 211111·
1111111111 111. 1111111111111111111111.111111111111119-
mmmmm 1111111111111111. 1111111119. 1.
11111111111111111. mmmmm. 1111. 1111111111119919
stygio„ 11111111. 699. 11111111 Sutor. 111919. 1111111119.
11112111 M& 228 989. 11111111. 1111. 188 1119111111 1. 11111111. R 91. 1111.
mm o. 1111111. m 111 1 nmmum 1111111111. 111111 11... 111 ab Μ
2011111211. 11111111. 9111218118. 1111111.
1111111111 scenam 699. 11111111. 1912111122. 1111811911.11911999
1111111111111. SM 221. 927. 11111111. Senatu. 248 1112. 111111 R 111. 118. 1.
11111. 1111111111. 111111111111. 111. mm 1 Bt. 111 1191*
1111111111 1111111. 221. 918. 111111 1111111. 189. 11. 1111111. . 2
mmmm. 111. 111. 111111111111111. 11111.. 1.... mundus·
1111111111111111. ...111 mmmm. ..111111111111812
1111112111,9119291682ι ‚ emmim-„1⁶2
111111111111111. ,ζηωᾞ ἪἍῊἛ 1111111. 1111.
“mmmm-557. mmmmm-m. 11111112911111·

 

