161111.

16616666661761111.Κ6611.371.94. Andmpogonpunilm 11615. 391344. ”monstrnt-numum.

1761111. 7116. 365 sub 17.
uemophyllns. (311611.) 377. 164.
uenatus. 7761111. 387. 219.
66116161.116111370756136716534.
niger. 1161111. 393. 350.
6161116666 111611. 394. 392.
nitidus. 116611. 395. 393.
61616Ιί561δί1. 1766111. 396. 423
notopogon. (316611.) 373. 115.
nudus. (311614.) 383. 243.
nutam. Mhlbry. 392165359.
651611161161. Poir. 36616529.
obvallatus. 311611. 373. 116.
6116661561. 1766111. 368. 43.
01111611. Boias. 387. 295.
6615661161. 7116387. 297.
6111661166 7116376. 146.
pallidus. Kumlu. 396. 412.
puniceus. 311611. 375. 135.
paniculum. Κ6611. 391. 338.
paniculatus. 1616 395 sub 402.
panormitanus. Parlat. 431 sub 194.
6661111661. 7766111. 384. 264.
6661116161. 1766111. 380. 206.
6611166161. 11615. 391. 350.
panispiea. (31116.) 397. 431.
patentivillom (81166.) 373. 119.
6166156161. 3111166371 sub 52.
pectinata& (311611.) 369. 63.
6661661516. 311611 394. 395.
6616666561. 111111. 399. 450.
pendulus. Nm. 388. 503.
6661616166. (316661396. 422.
666166615166 Hom. 380 sub 200.
perfossus. Nm. 171616. 391 165 343.
portuens. 1711111 364. 4.
6611116111. 36611. 398. 443.
Petimus. 11111. 367 . 39.
611311. 3111111373. 111,
pilosa«. Klein. 381. 211.
pilosus. Heyne. 373 sub 111.
pilosus. sicher. 382 sub 232.
plagiopus. 1766111. 374. 123.
platypus. 316561. 364. 7. “
6111666161. 1111111. 381. 223.
6666616561. 1766111. 384. 362.
polyatbems. 1766111. 374. 122.
6616115661. 11161. 374. sub 122 et
165 124.
polymorphus. 316611. 375. 737.
pclyptychos. (316611.) 380. 207.
polystaehyus. 11615. 367. 42.
6616166561. 1166511. 369. 72. (lege
polystictus.)
princeps. 11161. 360 sub sardinea 2.
6116661161. 311611. 383. 244.
procerus. 11111385. 274.
6166166666. 1161611393. 372.
prostratus. 1616 401 snb 13.
provinciali& 5616379195.
proximat. 1766111. 387. 292.
pruinosus. 17161388. 305.
Pseudogmya. (311611.) 365. 23.
611611δί1161. 316611. ent: Δ. 766·
tanhusa
Pseudo-Ischaemum. 17161. 380. 200.
pubescens. 1411. 204 sub 7.
pubescens. 7111616 384165 261.

pascuum. 16.. ssa. 251.

1666616161. Roth. 391. 343.
purpuratum. 11717516. 367. 35.
purpureo-soricem 1711111. 392 366.
Quonim 1565. 392 367.
66166666166111. noem 398. 433.
radicum. 71161. 380. 202.
ramosus. ka. 399. 453.
Ravennae. 7116. 408 tub 42.
recondam. 316611. 386. 214.
rectus. 311611 389. 312.

refractus. R. Br. 390. 329.
relietum 31166. 377. 161.

repens. (311611) 374. 129.
6666117156 117611. 382 snb 237.
Reus. (316611) 375. 133.
1516665666 311611. 381. 217.
1116111111. Tria 365. 21.
nubemus. (31166) 369. 67.
rostratas. 7116 364. 11.
11611566Μοί161. (311611) 382. 235.
Roxburghii. Nm. 395. 399.
1166166661. (311611) 397. 425.
rubeus. 116611. 393. 376.

rudis. (81666.) 383. 242.
tundalus. (311611) 392. 359.
16616161. 316661. 379. 191.

rutum. 11161. 411 165 1116651161.
rugosus. 316611. 376. 149.
santharatus. 11615. 393. 373.
16665116ίά66. 366111. 390. 334.
1665616661. Κ61115. 392 360.
scandens. 11615. 381. 216.
1656666166111. 15117. 369 sub 71.
3611166611 1766111. 384. 265.
1651166111. 1761111. 371. 65.
365666161561. 111. 387 sub 294 et
Schoenanthus. 11615. 387. 296.
315666661561. 71115. 388 sub 306.
365666661561. wael. 388 sub 301.
scopari s. 111111. 366. 33.
umbiculum. Κ1611. 381. 226.
1616516616161 Nm. 391 165 204.
secundus. Κ6611.368 49.
negaeuensis. (31611.) 367. 43.
segetum. (311611) 376. 147.
6651616. (311611) 369. 69.
1616151156. Κ61111. 365. 22. ,
temisagittatm. (311611.) 376. 150.
1666616661. 7761511. 386. 237.
sericeas. R. Br. 381. 213.
serratus. 11111. 366. 30.

serratus. 771665. 391 165 346.
1116616161. Lis-k. 377. 173.
serrulam 17161. 383 sub 244.
1611161161. 1161111. 395. 307.
1151116111. (31166.) 398. 445.
simillimus. (3116611373. 113.
Sorghum. Amor. 393. 375.
1661516661. 1161115. 370. 60.
speciosus. (311611.) 375. 132.
spicatas. (3161117.) 368. 59.
Sprengelii. 1161111. 395. 406.
1661661616. 1116111. 374. 120.
squamosus. Li.. 394165393.
111611116ῐωί1. 311617 377. 166.
111ροί166 166611. 368. 50.
111ροί1111. 71. B. 392 sub 356.
mittut. Κ1616. 366. 34.

mittun. 17615. 381. 222.
strictus. W. K. 4oe 161 44.
sumam 311611. 393 377.
16566651666616131111431929·
1651616661. (3161111.) 382. 240.
subrepens (31166) 397. 430.
subtili* 31166. 396. 419.
subulam. 15661. 396 415.
1656611616611161. &aa 380 nb
204. nott
1166166111. 31161 369. 70.
1651166111. 11661. 385. 266.
711656. anm 385. 271.
16661161. 11615. 371. 91.
tenellus. 11611 366 165 27.
tener. Kmfi. 366 665 21.
1666166161. 31116. 371. 92.
1666116561. (31166) 365. 15
mnipedieelluus. 31666. 393. 369.
tenuis. 11 111. 368. 52.
temdus. 1711111378. 175.
termus. Nm. 378. 179.
1166616561. Ee& 390. 325
11666τί66116 sem 376151.
thymiodoms. (316611.) 365. 16.
mantellus. 31166 371. 117..
Tang Dong. (316611.) 375. 140.
7611616661. (311611.) 392 357.
66151661. 7111. 389. 323.
tridentum. 11615. 372 105.
&identatus 366111. 372 snb 101
711611. (311661.) 395. 400.
111611οοί1161. Trina 364. 5.
1151665666 17. Β. 378170.
6111165666 11615. 409 sub 57.
11166161. B. Br. 368. 54.
6166116166. (31160.) 376. 154.
tropicus. Spr- 392. 361.
Tmehmenomm. C. Koch. 394390-
truncatu. (3611111368. 51.
umbrosus. Η66111. 386. 279.
undum. Jacq. 45 165 107,
6611611161. Hem 3811165200.
nummum (3166111376. 152
usurum. (36611.) 392. 365.
1716561115511. 393. 373.
1111166161. 317. Tria. 390. 326.
vaginam«. 11611 366 sub 29. ’
1616161. 1111115 366. 29.
versicolor. Nm. 388. 301.
verticulum. 11615. 396. 413.
venieillifloms. 311161 333. 379.
vestitus. 311611 378. 176.
1111116161. (3166111376. 156.
1111616161. (311611) 397. 427.
vinosus 71665. 412 sub 6.
11166661. 71116 370. 79.
violaceus. 77166396. 396.
1161616161. 111166. 414 sub 6.
virgam. 71616111. 399. 455.
virginiens- 71111. 370. 52.
virginitas. Torr. 366 165 32.
1716566661. (311161.) 395. 403.
666156511651111. 71116 385. 269.
Zeno. 11 S. 399 165 449.
2611661661. (316611.) 397 165 426
2611163611. 311161 369. 62.

561116166ρί1. 1116196 402

gisum 316661. 402. 1.

 

