· 01118888.(81181.)199.88.

444 111111.

calamannus alba. (8111111.) 191. 81. calamagroaun purpurea 11111. 187. 2. cluam 11818888. bituminata.

alpina. 11811. 18888819.
81818118. Roth. 199. 81.
8181188. (8111111.) 189. 29.
8818188. Tria. 199. 85.
8888118888. simu. 189. 25.
8181111118. Book. 190. 99.
8881111888 (8111111.) 189. 28. 118118118111111.) 199. 79.
8888181818. Micia. 189. 97. 1188118 98111. 188. 1781422811.
8888188818. Nati. 190 aab 98. 188.

capillaria. Ν111. 188. 21. 11118. (8111111.) 192. 78.
8818888188. Tria. 18881814. 888818 91111. 190. 41.
88811888811111. 189. 92. 8881818818. (8111111.) 198. 89.
8811881188. (811111.) 191. 57. 88811111111818. 818111. 190. 59.
8111818. (8111111.) 199. 81. 8111811818. (8111111.) 191. 55.
888181818. 1811, 19011898. spatiosa. 9811. 182 818 199.
conspicua. 911111. 192. 77. 8118118111. (811111.) 192. 98.
8811111818 Spr. 192. 79. 81118189181111. 189. 27.
1811111118. (8111111) 191. 59.
118188. (8111111.) 199. 87.
affusa. (8111111.) 191. 52.
81111818. (8111111.) 191. 85.
911381889811. 187. 8.
81181118. (8111111.) 190. 19.
9811181918. 8111111. 192. 72.
1811888. liupr. 188. 19.
91118111. 811111. 192. 711·
lancata. (8111111.) 191. 82.
georgica. 911811. 18815.
glauca. 91111. 187. 4.
Hartmanniana. Friaa. 189. 99.
hirtigluma 8181111. 188. 20.
8881811888. (8111111.) 192. 78.
1811188811. 8181111. 191. 58.
jamnica. 8111111. 199. 89.
intermedia. (8111111.) 191. 81.
188811811811.(811111.) 190. 44.
lanceolata. 11811. 187. 1.
1813818181. liin. 189. 91.
1811811188. mim. 189. 99.
1811818881811. 8111111. 18811.
ligulata. 711111. 190. 51.
1118188188. Baiter. 188 118 19.
littorea. 918. 187. 9.
8881811818. 811111. 192. 79.
maritima. 91111171. 187. 8.
881818188188 (suna.) 192 99.
montana. 118111. 189 818 92.
montana 11811. 18918828.
11811811181818. Neai. 192. 88.
198111.(8111111.) 199. 89.
neglecta 91. 97111. 189 aab 27.
181818881819111. 199. 82.
1118881111. (8111111.) 190. 49.
Nattalliana. (Sicuti.) 190. 98.
88111818. Pria 189. 98.
olympica. 98111. 188. 12.

pyramidalia. Hott. 189 888 24.
quitantia. 11. Β. 178118 11.
ramosa 11811. 187 1881.
18818. Pria 190. 47.

rigant. 91181. 187. 5.

rigida. 91118 190. 18.

81113888. 98119. 189. 94.
81113818. 981111. 18981899.
stabulata 91111811. 189. 22.
111181188911. 189. 24.
1818118. 11811. 188. 19.
1811118118. Η. Β. 181 888 47.
1811881188. 9. 11818. 18818.
1811888188. ltin 190. 49.
varia Tria. 18928.
varia. Hoat. 188 888 9.
18111118. (8111111.) 191. 58.
1111811818. 911111. 18811819.
vinealia. Bamnq. 188. 18.
viridantem. Poir. 197. 87.
191111888πί1. liin. 192. 75.
Calamina 918118.
gigantea. 918111. 402 88811118-
88811181.
1111188. 918111. 404 118 111118 4.
1181818888. Beana. 1118111118.
8111818 Lini. 283 aab 15.
elegans. 918811. 289 118 19.
niliaca. Halm. 11. 298 nub 188117.
rapina. apr. 29888118.
9811188118. 1919111.
elegans. 1198111. 199 aubPappopho·
rum 4. ,
(1811111188 1181111. 8181111.;08111118·
aua. 9181111. ·
988111811891811. nde (11811111.
manoatauhyua. 918111. 102 aab l.
Caryochloa. 11111. 5.
888181111. 811111. 8. 2. ¹
8188918111. 8111. 81.
8811881188 81111119.
8111188118. 8111. 128 aab 28.
11111811181118. Spa. 129 81827.
18118818. 881. 123 818 28.
08818118 9171118941.
11881811818. Timo. 941. 1.
ovata. (8111111.) 191. 54. 1181881888. 91811811181118 8881. 11.
pallens. (811111.) 191. 89. 28811881.11
partita 91111. 188. 19 81122 8118 algida. 11111. 147888911111118 1.
ad 188. aquatica. 918111. 286 818 29.
patula 8111111. 422. 211·
1181881181. (siout) 192. 71.
1181818188ἰά88. 9111111. 188. 11.
placatoria. (81111) 198. 88.
118811811821118 190. 48.
1118811181. 811111. 422. 73⁶·
pumila. 1188881. 190. 45.
111111818811. la 91. 189. 95.

8118888. 18111. 228 888 85.

1118188188. 1181111. 287 818 92.
minuta. 11111. 228188 84.
pilosa. 988111. 287 188 99.
tanuiiolla. Pml. 286 818 91.
variegata. 98111. 228 aab 87.

monum. 181.

libanium. 19111. 902 188 4.
1811888111. Lini. 802 118 8.
8198181818. lana. 802 aab 1.

cithiman. 91111. 201.

prostratum. 91111. 201. 1.

(18188118. Laia 109.

1111118ηοί188. lain 11014.
1181881181181. Ρ1111. 110. 18.
818118118ιί1. 181111. 109. 8.
881811181118. Deis. 108 188 71.
8181111118. 11. 91. 109. 5.
81111118. Rota. 110. 29.
aalyculatua. 981. 110. 22.
8818881818. 9111118811. 118199.
08181111811128111111. 109 11891818 ’
81118118. lin. 10681845.
dactylolapia. 8111111. 10919.
8881118111. 111. 109. 9.
8811118811. 1181811. 110. 181119.
8881881188. 1918111. 109 1889.
1111181111. 11118111. lll. 25.
1181181818. Nm. 110 818 14.
3181118118. [Aa. 969 888 8181111111.
88181888881118. 8111111. 110. 17.
8818118118 Blauto. 111. 21.
11111811811118. 98111. 102118 4.
11118188. 1191. 110. 21.
1881118118. 8181111. 110. 15.
1811188888 Tamti. 110. 18.
1111181818. Neai. 1111118 109 1189.
longliolius. 1188111. 109. 1.
matrastachyna 981111. 11111.
marginalia. Rudq. 18 aab 285.
1881181181. Ν181. 111. 29.
111198811891181. 109. 7.
maritatas. Lina 112 8181118818
aua 1.
myoauroidaa. Η. B. 110. 18.
818181. Lam. 111. 27.
panniaatilormia. 11881111. Sita&
piluaua. H. B. 110. 19.
pubetenus. 811111. 111 aab 1111·
phora 2.
pungens. H. B. 110. 11.
pycnostauhyua. 81111. 109. 4.
1888818818. 1111. 112 818 1181118181·
famosissimus. Poa'r. 109. 8.
111888818. Hoetu. 106 18818.
111888818. Dans. 10811884.
8881111811. 981811. 81181 111
188 29.
naugerus. 98111. 109 818 85.
88111181. Cau. 11081812.
1811811818. 811111. 419. 6⁶·
1888818818. Poir. 111. 28.
8181181188. aaa 11012.
818888811889111811. 111 81829.

vaginatus. 811118. 111. 29.
1111188111188 ⁶
aquatica. Parlat. 286 aab 99. 0811891888. 918111. 116.

18118888. 9111111118. 1.

81811118. Tria. 177 118 0818811184. controphomm. 11111.

88118188. ltin. 991 nub 491.

(1818188888 1111118811811811

pendula. 8181811. 928 188199.

Canania 91811111.

111181ιί Eu. 20 118 19.

 

