ww... 2119129911... himma*
Hyan-mua 9111. nor. 71. 11111111. 11 nram. 9). 2191111111. 1711199. 79.
1111911111111. zoa Nor. 71. 1. mmm 9111119. 124 11929. 1191111111. M. 99. 199.
Ηηι1191111 Nm. 149 119 97. mogum· 919111. 99. 122. 2117111111 91111111. 99 1111 19.
1111111191111. Nm. 91111111 99. 1111111111 91111. 129 119 17. 11119911. 911171 99. 192.
911111111111.11111.9111·11 1191111111. 911. 99. 199. 1111111911 92111999.
sylam. 911119. 9111111. 171119 1171111111 9111119119. erythraeum 91111. 99. 99.
99. 11191111, 1111119 91. 19. 111111 Nm. 99 97.
umam. Nm. 299. 11191111 9911111111. 29111117 exilis. Η. Β. 112119 71.
1111111111. 1111911. 299. 1. 1111191911111. 91111. 91. 99. 11111111111191111. 99. 79.
1111111111 11. 9111111 291. 1111111111. Sohund. 1191119 121. 1111911119. 911111. 90. 9.
1111111 11. 91. 299. 9. 1111111111. 91111. 91. 21. 1111119111 Rus& 190119.
1111111111. 11 91. 294. 2. 11111111. 111191. 109 119191. 1111111111 91111 99121.
laium Nm. 299. 1. 11111111. 19111 99. 19. 91111111111. 11. 9. 101. 191.
1119111111 91112921. 1111111111 1911199. 99. 9111111111. Nm. 99 119 121.
1111111111. Nm. 11111111. 11. B. 109. 177. 1111911111. 911119. 191. 199.
1111111111. Nm. 1119 111111111111. 1911111111. 19119129. fluum. 11111. 90. 2.
129 119 2. annm-nmmo. 1111111 1191. 109119911111111.
1111111111. mn. 191. 9119111 11 91. 101. 191. 1111111. 91111. 97. 199.
1111111111. 19211. 9119111219 1011119199. 1111111. 91111. 91. 21.
11111111. 111111. 111119. 192 19. 9117111. 91111 919. 991 1111111111. 91111. 92. 29
. 1111111111. 91111 129 1191. 91111111 91917199 99. 11111111 Ma. 1111119291
’ 1111111111. Vah& 199. 27. 9111119111. 91111. 109. 179 {um 11111111. 91111 99119.
cupitum. 9111111. 191. 1. 9111111. 91111119 99 129. 0111111111. 91119. 99. 199.
1111111111. Nm. 192. 19. 911191911199111911. 011919111911 1111992112.
eoum. Nm. 192 11. 91111111. (suad.) 191. 197. 91111111. 91119. 91. 19.
11111111911111. law. 919119111191110219. ammo. 911119. 90. 119.
1111111111..1.1)1’111.192111919. 1111111111109111. 1119191111(91119)97.199.
1111191111. 91111. 192. 9. 91111111. E B. 191. 179. 1111111111. Sem 711191. 12) 119
19111111. Van. 190119 9. 1111111111. 111911 191. 192. 170.
, 1111911111. Nm. 192 17. 1111111111. 11. 9 102 171. 1111112 Nm 99. 191.
1111111 Nm. 199. 22. 1119111111. 11. 91. 97. 99. menia Η. B. 112119 79.
’11111111111117119211912 1111111111.111111.1091191π. gnoma. 91111919. 1291·-
111111111111. 9191111 11111. 129 111111. 11. 9 92 27. 9111111. 91119. 91. 99.

119 1. emmaum Nm. 92 99. 1111111111. 1111109111.
1111111 M 11111. 190 119 12. 1911111111 Nm. 99. 99. 1111111111 91119 190. 191.
11111ω.11111. 191. 9. 1111111. M 199. 199. 9111111119. 91111. 92. 19.
7111111111. 1911. 19219. 1911911111 Tm. 102 179. 911111 911111 lm. 117.
111111. 911119 191. 9. 1111111111. 91111 92199. 91111119 911111 9911.
111111. 111119. 191 1119 9 11 1. 1111111111. [mel. 191. 199. 91111111. (911111.) 101. 1911
9111111111. Nm. 199. 29. 1111111111 Tm. 192 171. 91111. 11. B. 1101119 19.
11111119119111. 192. 7. 1111911111. 91111 199119. 91111111 911111 101. 199.
nummum. 9111111. 199. 29. 1111111. 911111 101. 192. 111111911111 R 9. 97. 197.
mmm. Nm. 192 19. 1111111111. 1111199. 119. 1111911191. 11. 9 99. 121.
mlum. 911111. 199. 21. 1111111111 1111199 119. 91111111 Rath„ 199119.
1911111111. 111911 199. 29. 1111119119. 911119. 94. 99. Hm 91119 99 ab 129.

11111111 91711111 192. 199. 1111111111 1911199. 79.

11111111. 111111. 99. 197. 1111111119. Nm 99 nb 77.

misenum. 90119199. 111111111111111199. 91.
rigum Nm. 192. 29. common 111111. 192 179. 11111111 9111111919 99
mmm-‚22 1. mmm 11111..- ...
1111111111.21111.11119 191. 2. 1111111111 91111 92 91.* 1111111119. 11. B. 102199.
1111191111. 19111. 111111. 191. 9. 1111119111 11. 9 99199. 1111111111. 91111919 999
119111111111. 9191. 199 1119 7. 1111111 1111111. 97. 99. 11111111. 91111 99. 19.
1111111111. 91111. 11219. 9111111119 91119. 101. 199. 1111191111, 9111119977.
1119191111191171 1919. 19111191. 1111111111. 911111. 119119122. magma. 11111. 70119 11.

9111111111 Nm. 9111111. 17411992 1111111 11111191. 9. 9199111911. 91111. 09. 91.

1111111111111117911999. 1111111111119192199. 111111 119. 119119.
9111911911. 179 1119 99. 11911111 1111197. 191. Lugudunum 91111. 101199.
nmmum. Nm. 1791119197. 11191911. 919111. 122. 19. 1119111119 11 91. 99. 99.
111111111111111. 17211999. 1119111111. 1121191119192 11111111. 9111117109. 17.
mmmm 191911 179 1119197. 11111. 91111111 191. 191. 111111 91111. 91. 29.

11119111. 91119 91. 22. 9111111911. 111119 91. 11.

ι 11111111· 1111111111...
11111111, 9111119199. 111111119999. 129. 1111191111111.

1111199119. 1991. mmmmm. 1111919191111909
111111.Κ11111.199.2. 91111111119911119111. 101. 191. 1111111111 91111. 101. 119.

mmmm 19

 

