81818.

821

cm mzaestssgflkffffl. 7. 8888181818881128811. 218. 412. cmx 11881818. Au. 248 18108118·
on. . . .

8111888. 11811111. 287. 8.

0818888181. Lam. 285.

8888881881. 288. 2.
8811811181. Ν181. 288 8.
888881. 11188288. 1.
8188881111. 18111211. 5.
flexuosus. Nm. 288. 4.
8188888881. seond. 288. 8.

0888888888 Nm. 181.

8888181888 Nm. 181. 2.
1188181818. Nm. 181. 5.

88811811. Ν181. 181. 1 81819. 081. 1.
1888118118 Κ8811. 181. 8.

1181111. Nm. 181. 4.
88888888818 1188181. 181. 1.
8888818888 8118111 181. 8.

canuam 8888 111.

1888181811. 818811 181. 1.

0818888118111. Nm. 148 181 82.

88811818 Nm. 148 181 51.
81181888888881. 149181 118.
1818881881111111. 148 181 71.
81888188, Nm. 148881 84,
8881881818 188181. 148 181 78.

- 1188881. 11881. 148 888 81.
(1811888811. 81888. 288.

8888818181. Bam. 288. 1.
8188188. Kone& 288. 2.
'¹th ΚΜ. 2ω1 38

cmx. 1111. 182.

8888881818 18818. 228. 598.
8811818111. 811118. 22. 888.

. aarum 181.. 198111.

8811818818. mm 288881188.
88818118. 218. 442.

88818 Um. 288888 719.
88818. 4111118. 211 881 487.
8881818. Boon. 284. 898.
8881111188. 28111. 18818185.
81811118 11. Br. 199. 145.
88881888 1118888. 212 898.
8811118111. 11. A. 8811. 22. 244.
8818188188 88118. 228. 550.
8118188888 8811828181289.
8811811111. 188. 80.
8881188881. M. 280181 888.
81818. Tm. 198 208.

albi· 8888282181 888.
81818881. wem 282. 885.
8118888181. 81188 189. 89.
8888181188 11118111. 198. 142.
8188888181181. Dm 228 188 819.
8188188181 1188881. 24. 282.
81811818 411. 288. 878.
alpem 8811811. 22 181883.
818188 1111118. 22188 258.
8118 Boou. 288. 227.

81881888 11181. 24. 292.
8811888. 1188881. 28 181 812.
888181881811118188 218. 452.
8818888118 111118. 187. 54.
88881818 818811 284. 887.
8888118881. 0. Koch. 198 198.
8881118118 Boou. 224. 585.
mmmm κ ”b

8818811118118111.
nummu.

1888181888. 1181118289. 878.
1888188. 818118. 198. 98.
8888111818. 1118188. 214. 490.
881181188881. 111881. 188. 82.
881818881181 18811. 188. 71.
1888181881. 18811. 184. 20.
8818888111. 11111811. 212 899.
188118 Boou. 211. 885.
8888118. Κ81811. 188. 9.
8881881118 1181111. 202181 254.
8881888818. Au. 28 888 815.
88881818. 1111118218. 447 11211
181 819 81214 188 428.
88881188. 0. F. 1888. 211 181
8181818. Boou. 280 888 812.
8181188. Dm. 222181540.
8181188 111188. 198 181 105.
8181888118. 11818118. 218188 448.
81888118. 118. 189. 85.
uomit 81888 18918187.
81888881112818818 188. 48.
8818181888Τίῗῖθὲτᾶ 198. 195.
81181818 st Br. 287. 729.
81111818. 11818. 202 888 258.
8188111888. 88811241. 780.
818818. 111118. 288 188 788.
8188811888 stud. 198180.
81888818. 11811. 202 284.
81881818. 11118111. 217188 414.
8111181111. 818118. 198. 180.
81181188 88188288. 881.
’8188188 Bappo. 28 288 81 181
8188881181. 1188111 248 181 188.
8188881188. 88818181 729.
818818 1118 202 285 81 181 282.
88818888. 88111. 228 181 811.
88881818 1888881218.
811888818. 11. 88. 188. 42.
118888. Nun. 209. 885.
8888188111 81181 228. 545.
88188111. 0888 20. 224.
8888188. Gay. 218. 489.
1388118888. suad. 288. 718.
1888881 Nm. 988. 848.
13881888. Dm. 188. 88.
1188111. Boou. 188 881 88.
1188811. 11881. 188 181 88.
811118 2811212119.
1881188. 41181111. 228. 552.
8811188111 m 188 79.
8811188111. Vin. 212 888 795.
8811881888. Eu. 241. 712.
8811881111. 018888 228. 578.
8888118811. fil. 24. 281.
1181111111. Tm. 242 788.
8811811188 81888. 282. 818.
18111888. 18111. 288. 817.
8811818888. 118821. 524.
1181181111. An. 248 181 21888 1.
8881881888 01818181. 229. 824.
8818881888. 81881288. 744.
8811888118. 881118. 188 18151.
1188181. ,411 21112881118818814.
wiffam. 1118. 280. 847.
818818. 1811. 242 798.
11881111. 8181171. 228. 554.

1181.
111818818 Book 280. 888.
118888. 1181888. 24 181581.
1188118 111881. 11111. 224 181588.
118888888818. (hay. 222. 541.
11188111. Mu. 20. 282.
881888811811888 1111181111. 189.
18888181. 881181. 188 181 175.
881188 0. F. 1888. 211. 891.
188811888811811. 191. 107.
8888188111. 881111. 191. 119.
30038821. Boou· m· om.
1811811188 Im 242 789.
18188118 11888211. 988.
11818888. 88111. 28. 819.
1181811. 111118 1911181118.
188818888118 11188111 217 881
1118881188881. 8111881. 229. 882.
188818888. 11111818. 191. 108.
1811888111 St. 1111. 281. 858.
1181188811 1188288. 880.
8188188188. 11. Br. 218. 409. ’

· 1888118118. 11811. 229. 829.

8818811181. uo. 191. 188 81 881
1188811188. 88118. 100100.
nmmum. 18811. 111. tu.
8188881. (81888.) 809. 858.
Bromi. 11181188. 28 181 591.
1188888 171881. 198182.
11881181. 11818. 199. 218.
1811811. 881118. 280. 758.
1811818 11181. 289 181758 81 188
1811818 11181181 289 181 752.
1188188811. 1711818. 202. 259.
888118. arioch. 4111111.
8181818118 Nm. 212 401.
8881811888 Amor. 211. 988.
8881811818 Lim 212181 892. 998.
891. 999. 408. 404.

8881811888 11881. 222 181590.
8888811111. 11811. 22 881 501.
8888818818. 8181111218. 415.
88818888ωωί1. 111811 288. 882.
8811818881. 11118 108. 219 81 188

21781 2111 181 229.
8888188188 11811. 194181154.
8818818881. Lens. 192 188 128.
88888111. 21881. 248 181 5.
8181118111. him 281. 880.
8881111888 ijor. 214. 481.
88811818 lin. 184 22.
8888818818 Ν181. 218. 490.
0881881888 1181821. 241.
8881181181. 118811. 224. 582.
08888888. Dm. 224. 588. ’
88818818 11111181 28. 287.
88118888. 1111. 241 ’188 771.
8111881181. Nm. 188881 1.
88188818 N. Br. 218. 410.
888881188. 8181818 22 282.
888881888818 111818. 108. 141.
881188 11888811. 212 895.
8188881818. (81888.) 181. 51.
88818188 818811 281. 859.
8888888881. (81888.) 222 542.
8881888881. 8811811128. 185.

 

