66. 111

Mulli! 6661616666. 86111. 361. 1. 8666661611 mulleolum 11616. 406. 8666661661 6666166666 116 466. 5.

6616616616. 1116368 1661166661·

161163

1661616116. 11616. 368166616661·

161162.

6616616616. 116. 369 166 66616·

161 1.
6616666666. 11161362. 22.
· 61616611. 816. Su 362. 23.
6116163666. 861111. 361 166 9.
elegantissima. 116611136416612.
616616 8661. 367 166 Leptam 2.
61611616. bin. 361. 2.
6661661616. Β161166. 361. 17.

6161661116 1111χὶ369 166 Haemu-

16116 8.
1611616. 81666 361. 16.
somus& 11 116361. 11.
glabra. 11616. 362. 26.
6166661666. M. 361. 3.
hirsuta 76111. 361. 12.

1661111611. 616. 367166 [66161611.

166111. Rau. 362. 25.
16616116. 81666 361. 4.
16116116 7116 361. 8.

1116116616. 2671116636016606616·

1661116116. 11111. 369 166 63.
mom M 861. 6.

mmmmmmm
6611666166. 11611. 367 166 7.

perlonga. 11666. 369 166 Ophiu·

6111111611361. 15.

Μωῃωωωω1

6611666166 1.
666616661. Β61161362 24.
. 1616666 666. 357 16611.
166666. font. 367166 8.
8111616661. 1116361. 9.
161661116611611. 361. 16.
1666666 11616. 202 166 11161666·
1661
161616 16611. 361 6661.
1111616. Nus. 361. 4.
16661661. 66666. 370 166 77.

666666666661

16661616. smel. 362. 27.

1116111666.- 11616. 368 sub 61666·

tium 1.
1666611166. Rom. 216666 8.
1111616. 11611. 361. 14.
1166661661166. Sem& 425.
16661611. smel 426. 1.

8666661616. 1111406.
6666666666. 171116. 4061665.

,ιωωωωω

6666616116616161 468. 41.
6166616666616. 1111646111.
61661661. 17161407. 39
mum. 864, 4ἒῗ66ἓ6116161165
mi
bonghdunw. 11611. 407 161 33.
militnm. 11116. 407. 33.
6161166166. 2616467. 37.
66666616. 7661611 406. 7.

19. spontaneum. Β1666. 406 666 6.
caninum. 1161616. 406 166 861116· strictum. 861. 408. 44.

161. 1666661611. 1611161 666 Impe-
6666666. (81166.) 408. 55. rm 4.

616661616116616407. 36. tinctorium. 81666. 116 6666611661
confertum. 1161167. 26. 467 . 32. 1666 8. 6666616111.
6661611661. Ν611. 467. 35. 1161666616. (sm) 408. 57.
contractum. H. Β. 406. 21 61407 1611166161. (81166.) 409. 58.
villosum. 811611 408. 46.
6666611666. 1666 406 166 16166· 6161666616. 166166. 3.

16161. 8666666661661. 81666. 146.
6611666666. 11616. 406 16616166· 1616661. 816611 146. 1.

1616 4. 86666666161. Β6666. vid. 1611666.
116616161711640816656. 6161661666. 171661. 316 666214 11 ‘
dubium. 11. Β. 406. 22. , 217.

36116611. (81166) 408. 54. 8666616616 8161111214.
66616. 116111. 406. 2. · tonora„ 8111162141.
exaltatum. 11666. 40617. 8661111161. Bm. 296.
1616616166. Nm. 409. 62. 61661661. Νω1.296. 5.
6111611661. (81666.) 409. 59. 6161116666. 17116296. 3.
661166161666611 406. 45. marginum. Β6666. 296. 1.
1611616111 Βν. 408. 47. minutus. 11. S. 296. 7.
fuscum. 11666. 411 166 3666616611 666116 Ν661. 296. 2.

3 ot 4. 661161. 11111. 296. 8.
fuscum. 176114116661111666161114 666661111661.Ν111.286. 4.
6161616616.Ρ611.407.34.166611.81668 296. 6.

6.1166661 (81666) 408. 46. 8661166661. M. 86666 811616. 129.
616661661616. 17616. 93166747. M.

611161616161111. 407. 23. 8661166661616 Nm. 6111 4661666666.
166616166661. 1661. 467. 27. 366. s. 2.
1166161616. 1116408. 43. 666616661661. Ν611. 384166 259.
16661611. Β16666. 466. 11. 161666116617111384166166.
11111666. 11. Br. 408. 4861412166 6111611116. Nm. 366 666 17.

Eulalia 7. ' 16661661. Neu. 366 166 24.
1116666. 16661. 401. 4. 16616616664166136616623.
Remigii. 11611. 466 166 1616616164. 866116116666661. Nm. 332.

4661. (816611) 332. 3.
811666. (811661332 4.

66636. ,

1666116166. 17616. 93 166 746.
macilentum. 61666. 406. 18.
maximum. 7116. 408. 56. Blumii. Nm. 332. 1.
6611666616616611 467. 29. 6661161616. 11661. 332. 6.
116616. 11616. 406. 18. Durio. 11661. 3325.
11616666 77611. 411 166 31166616· 116666 81166. 332. 7.
6162. Ζ611116611. 816611 332. 2.
6661616616. 811611. 407. 25. 8661616116. 81166. 199.
obscurum. 1116. 468. 51. 666666 6661611166. 81666 1991.
obscurum. 816611.407.32.16616161 8666116116. 811166.
in 8866166661. (8111111) 1666116 86161. 14716666166616611.
6616166166116 4061. 6111661616. 816166. 147 166661666-
Ρ61116111.766166.466.6. 16611.
66666116167116 407. 31. 8666666161616 116611. 202
661666616166. 166664121666611 61661116. 16111261661 612.
1162. 1161666. 81666. 202. 2.
6.166616666 81166 408. 56. 66111116 1166616. 202 3.
6166616111. 11616. 406. 15. 861616666611 316166 9.
propinquum. 811611 406. 26. 66661616 116161. 91.
36666666. 1116 408. 12. 86111666667611. 186.
166661. 111116. 408. 49.
1666116111. (8111161409. 61.

1111661666. 1861 6111161666 163. 2.
66666.7116186.2.11666161.66.
1161661 11616 166 163 3
8616666166. Β6666. 302. 8661. 11.

mfflfflffiw
61666116. 1711161666611166111286

8616. 11616. 406. 9.
1661666666666. 11616. 406. 13. 166 26.

6166616. 11616. 406. 14. 8611611. Β. Β. 286 16619.
81116 666. 406166 1616116161. 6166116616. Bam. 287 666 36.
86166661....(81166)40853 6661111Β6111.42816615θ·
speciosissimum. 166666 407. 8. 861616666. 611116.

1666666166. 17616. 92166744.166166611161.Ρ61161.303 16612. ·
1616616116 Ρ1611.407.24.116166. 611116. 303 666 8.
6616616111. 76666.406166166616162.866611.116 647.

 

