616111

’ 111

cmm 6661111111 mm 11. 11611161166111111616. cmm 1161. 16111111.

6611161111 Nm 31111 1.
611611111311113. 16. 162.
66161116. Nm. 161111 167.
61661161. 1111. 3. 3111616.
61111111. 116111. 6111 10.
mendicum. 311111. 27. 233.
6611111111. 11611. 3. 6.
pumicum 11111. 10. 30.
mmm„ 17117. 43. 627.
61111011. Van. 11. 611.
ΡΜ nn· w« 387·
6616611611161. 311116. 6. 36.
666661111611 11111111. 43 461.
61111111 116111. 13 113.
mmmm. 066. 13 snb 660.
mmm. 11111. 61 1111664.
6661111111 361111 11111 136.
qumquam 1161111. 37. 407.
1161116111. 1111112. 670.
1111161. 1111110. 611.
11111161 1111131300.
111111. 3111163161131·
1161111111. 3111111 13. 160.
11161111. 7611 14. 136.
11111111. ml. 21. 263.
116111 311 33 111 370.
1111661111 366111. 23 241.
11116110113161161 17. 612.
11116316111 0166. 64 111 63.
1111111 Eum 11. 31.
1111111. Nus. 33. 103.
11161161116161. 17. B. 46 131.
6161616111. Hom 41. 110.
1116111111. (31113) 3 60.
6616111111 42 467.
11631111 161161 667.
11611111. 3611611. 21. 221.
1111111111. 11111111. 4. 26.
1611111116. 3111111 24. 266.
1161111111. 11111111 32. 310.
3611111111. 3111111. 16 166.
1611111111 11111. 32. 36111 10111
16111111. 21111132111313.
1611111111. 217116. 33 161 367.
1161111616 Nm. 12 663.
1166111 Amr. 12 660.
1611111111. 361166. 27. 236.
1611616161. 11611. 23. 306.
1111111111. rm. 17111. 24. 263.
munla 3111111316. 6330
1111111 121111 17. 641.
mm. Η. 6. 24. 267.
rupem 311111. 30. 317.
1111161111611. 311166. 10 32.
3111111111. 311116. 16. 136.
116611616111111. 111131. Nae. 43.
3161611111. 116111. 23. 237.
ubertim 11111. 31. 336.
1166111 611611 111111 67. 617.
mom. 11. Br. 14. 610.
&hm-im 3111111 31 367.
&hamburgum 117111. 26. 202.
11111666661111. 3111111 33. 421.
mmmm 33 111 416.

1611611161. soem 1oe 1111 20.
1611661111. 111711 21. 306.
16661611. 2611. U 413.
1161111111. 3111111 33. 306.
1161161161 11661. 31. 336.
1116166111. 2611. 1161. 23 161 230.
1161611161 311161. 13 666.
11611111. 01111 46. 106.

31111 11111. 301 323.

1111611111. 7611113. 661.
amitam 1111111. 16. 636.
111111161111. Η. Β. 23. 277.
11111661. 11111. Chamma- 73
1111161111. Dm 11. 661.
1111611111 11661. 7611131. 332.
magdalu. 711111. 13161 603.
11116161. 11. 111. 12. 603.
3111111 11111111. 11. 662.
3611116111 Nm. 20 111 206.
11616111. 11. Β. 17. 163.

16111161 1611111. 446.
16111161. 311111114134.
3661111. 31111131. 3. 64.
1161616161 116111. 23. 216
sordidus. emt. 11. 626.
1611111111. lm- 13 111 134.
1616166161111. 3111111. 21. 213.
specim. 7611. 47. 607.
1611161111. 761147111203.
1611111161 11111. 33 400.
&zamam ma
1611116161111111. Sem 21. 211.
1616616661. 01161 27. 011.
16161111. 21117. 12. 676.
1611161111. Van 61. 623.
1661616161 Β. 31. 16 602.
16111111. 3111111. 21. 220. .
1661111111. mm 7. 62.
1661601111. 0111110. 636.
1611116111. Lim 11. 100.
1611116161. 1166111. 10 111 36.
111116616111. 0. Koch. 4 22.
1111111111. 11111161. 43 161 6161·
1116611611. 7611. 47. 603.
1666116111. 311116 33 411.
116166111111. 11111. 13. 131.
straminea. 0111. 3. 46.
mnium. Dus. 411120.
11111111. 11. Ρ. 14. 621.

11111111. 11616. 3. 63.

11116111. 11111 11 1111 30.
1111611111 Lim 46. 103.
1111661111. 111616. 43 1111 602.
1661111111. 1111131. 312.
11111116161. 3111111 41.. 111.
1611611111. 3111111. 26. 233.
1616616161. Ν111. 31. 331. ’
1111611111. 11. Br. 64. 611.
1631161161. 116111. 21. 263.
1111111111 66111611. 41. 117.
1111116111. Neu. 116111 42 166.
111116111. 1111637. 102.
1111111111. Lm. 22. 233.
1161061611 1161131330.
11611111. 111111 16. 161.
1111111111. 7611. 13161112.
11611161. 111111. 11 116 627.

1161111611. Ρ1111. 26. 230.

’1166111 Pru& 34 373.
unuin-pm. 011111 11 111 016.
1116116611. 116. 31. 331.
1161111111 M„ 16. 627. -
1111116111 116116. 32 247.
1161136111. 361111. 43 1111614.
1611111. 6111111141. 433.
1111616111. 311111. 11. 30.
1161116111 3111611 17. 161 11 111
1111611616 11111. 11. 100.
antistatum 3111111313.
1111116161. 111111 1 37.
1111166111. m 47. 606.
1161616161. 11 31. 17. 167.
11111111116111 Dus. 32 111 361.
11111111. 7611. 0. 77.

1111011. 7111111 13107.

1111611111 Dum 13. 672.

· 7111111111.Κ111111.3. 60.

7111111611. 761141. 460.
thynnam 3111111. 011111 40.
1611161631. Π. Β. 17. 173.
’1611161611 3611111. 3. 72.
161116111. lm 10. 31.
611161116111. 3111111. 3. 12.
11ιὼ1111361. 11661. Am· 13. 630.
muln Pm'r. 10. 33.
1116161 1111111660.
11116161. 111 72161 7.
16611111. R 31. 13. 600.
7111111161. 311111. 20. 271.
1111111. M„ 21. 213.
1111111111. 11611 11. 663.
6111111111. 311111 10. 37.
1111611111. 3111. ⁸⁰ 1113211
1161111111 71111111 23. 211.
1611τί111111 31111111 41. 140.
tuberum. 111111 13 113.
abemus. 2611. Mor. 13111 136.
16116111. 361111 ll 11104.
1611161161. 11616. 11. 663.
11111ηο1611. 1111111. 3. 63.
1116116161 11111116, 13. 176.
1116116111. 361111. 17 111 163 11
211111 200.
6661111111. Bair- 13 120.
1111161111. 11. 31. 13 1111 600.
1111111111. 11611111. 14 111 127.
16116111161 311166. 16133.
11111161117611. 11661. a 111 66.
6616161111 R 31. 14. 606.
numum 311111. 16163.
11111111 Bm» 13 664 11 111
1111611111. 11161. 11111111. 11613.
1161111161. 11. Bn 13. 6361
17111111 311113. 43 617.
7111111111. 31111141. 436.
1111111111. 361111. 43. 400.
1161111. W& 24. 210.
regem. 361111 1111130.
1161111. 7611. 24161 260.
1161616111. 11 111. 14. 613.
1111611111. 11. 111401 136.
1111111111 2611. 1161. 40 111 430.
1111116111. 17111. 14. m

αἱ

 

