0515111 5511511115. 2 31. 153 3.
15551515. Nm. 153 151 2.
11555515 351. 153 151 1.
8151κέ mm 153 551 01355551-

51 .

contraham. 3551. 266.

0555515511. 115111.

“ 555515. 211351. 267 5512.
5551315515. 25351. 267 5516.
1153551112 15111511 151 6.

0551515551551.Ν155. 180.
5515155111. Nm. 180. 1.

’ 055151511155551. 11515. 142 551 33

5515.
Ameria Nm. 142 551 33.
51515551. 11155. 142151 33.
neumaiam. Nm. 145 551
5151551155. Nm. 149151111.

’ 051515551555. Nm. 264.

¹ 515151555. 11511264. 1.

> 05151511155555. Nm. 150.

’ 5551515151. 11515. 150. 1.
1555151155 Tm. 150151 1.
5555515155. ruem 150. 3.
555511551551. Torr- 150. 2.

01511551155 2 3151111. 261.
11515151551151. 3. 31. 261. 1.

F emovemus 5171 wia
5115111515151. Nm. 74. 13.
515511515. 31111373. 6.
3513111511. Tm. 74. 20.
1555555111. 11151. 74. 16.
5551151155 11551. 73. 1. .
1511515151. Nm. 74. 12.
115555515151. 311113. 73. 7. -
1555155155. Nm. 74. 13.
15511151. 31153 74. 21.
1155551551. Nm. 73 151 3.
511155. 11111174. 13.
5111555155 1151573. 14.
5515155515 Nm. 74. 3 51 551
5551151111. Nm. 73. 3.
55511155 (3111111374. 3.
55555555. (31113.) 74. 11.
15115555. Sem. 74. 20.
55115551. Nm. 73. 3.
1151550151. Nm. 74. 21.
15151115515151 1111574. 17.
1555155155 11115. 74. 14.
111115ῦ1. (snm) 73. 3.
5151515155. 511551. 74 13.
11555155. Nm. 73. 2.

015515115555. 311113. 261.
(10115115. 311113. 261. 1.

0155155555. 2 3151111 160.
551151. 3. 31. 162 31.
5515111155 Book. 511 162 36.
551515. Ν155. 161. 13.

55155 3. B. 144 151 31.
uillam. 2 31. 162 27.
1151111111. R. 31. 161. 13.
3515151151 315553. 160. 4.
55151155555. 2 35. 162. 23.
5551111155 Nm. 161. 3.
51511511. 3. B. 14215137.
5115155111 355153. 160. 3.

1515511515. 11555. 162 23.

lam.

Ghmmm 5155515 11155. 162 31.
5511115115 2 31. 161. 14.

555555 11111. 161. 16.
15151515. 3. 31. 162 21.
11111515511111. 161. 3.
51555515 Nm. 162 33.
ferrugineo. 2555111. 160. 1.
1511551515. H. 3. 145 155 63.
6511151515. Nm. 161. 8.
3155555. 311153. 161. 3.
5151515. H. Β. 142 151 33.
15111111. 2 Br. 162 23.
1511515. 2 31. 161. 13.
1555 35111511. 162 37.
5115551151155115. 311113. 161. 11.
11151111. 311113. 161. 12.
mimsttehyn. Nm. 162. 26.
11555. 11115. 162 33.
515115551. 351111. 160. 2.
511151. 1oe 31. 162. 32.
55153515. 2 31. 162 24.
5551551515. 315113 161. 13.
5115111515. R. Br. 162 22.

1155115155151155 315113. 162 32.

robusta 111111. 111. 7.
5151511515 1111.. 111. 11.

327

0151155 1151115155. M 152 13.
15155511111. 2 31. 153 20.
1115415355. 2 31. 152. 3.
5515555155. Nm 1521514.

01515555115. 351311
1151115515. 351311. 276151 133.

0151511515 315113.

15515555. 315113. 178551123.

0151515 53551511. Dm. 74 551
5515111511. Dum 77 551 35.

0111555155 31553.

1551151511. 31553. 151 151 0515·
5115155151.

05115115 131113 35115115

0515115. Anah.

5153115 11151. 200 5511155555 4.

0555511555. 11515.

5551151155. 11555. 42 551 461.
31151111. 2555431115 467.

05511511553111101. 71.

5555151115. 1615511. 71. 1.

0155551515515 311113 264.
7111155511. 315113. 264. 1.

01551555155. 3111113. 178.
5115155155. 311153. 178151 121.

515515 R. Br. 111555115555 163 0155551515. 3511111188

1513.
115115. Δ. 31111. 16210.
1555111155 315113 16223.
151155555 2 31. 162 23.
1511155111 2 31. 161. 17.
0155511551155. 355511. 53.
655111115515355111. 53. 1.
1111555555 31153 59. 2.
6155513115 Nm. 157.
1111115115. 11151. 157. 1.
0155155155. 12. Brm‘

eumlm. 11115. 188 551 73.
0515111515 Nm. 264.
3515 11115. 234. 1.

cymam. 5.... 111.

1155315. Ν515. 159. 1. ,

0551555515 Nm. 131.

35115511. 11551. 160. 1.
5555551555. Nm. 1601 2.

0511555551. 31153 156.

,15111555151151 .

0515315555 Nm. 180.

5111551511. 2. 31. 181 5551155115· 5555115515 11555. 1801.

5151.

0555151. 1311 2

0155105515. 11515 111. 3511515 174 51551515 5111115111.

151 73 5515

0155555315. 2 3151511 181.
15515111. R. Br. 181. 2.
551651151511115. 181. 3.
5515151151115 2. 31. 181. 1.

0115511111. 1111 181.
55555111. Lin- 181. 1.
juncisormin. Nm. 181. 2.

0151155. 2. 3111111. 152.
5165515155 2 31. 152. 11.
15111511. Nm. 152 2.
11115511. Nm. 152. 7.
1155555111515. R. 31. 152 14.
3555155. 2 Bt. 152. 16.
151155. 11111. 153. 21.
11151515. Tm. 152 3.
5155. 2 31. 153. 13.
5515551555 311153. 152 1.
5155115155. R. 31. 152. 11.
1155515551. 315113. 1523.
1551155. 2 31. 152 12.
15515555. 2 31. 153. 13.
11515115515551. Ν115. 152 6.
5511151311. ’15151152 4.
51551551. 2 31. 151 1511.
5151155. 2 31. 153. 17.
occidentale. 2 3. 152 1512.

55315155. 2 31. 152 13.

0 515. R. 31. 152. 13.

:bys-{nm 151111. 1. 11.
5555111. 3115350 342.
5511515111. 315153. 44. 434.
5555155155. Tm. 14. 131.
5551165151. 311113 33. 336.
5553515155 man. 54. 623.
555155 2 Bt. 54. 613.
5115551555 311153. 21. 222.
53555515. 355111. 23. 242
5111551151. 311113. 14123.
5351151. 11111. 8. 34.

5555565555 3111115 28. 333.
51555111 Van. 22. 233.

561515 2 3. 30. 427.

111551. . 59. 637.

5151151. 15. 52. 374.
mummium Nm. 10. 31.
511551115151. 31553. 20. 210.
51155. M 52. 373.
6551153111. 111111. 13. 113.
515555551111. 35115 40 551 436.
dommim 11554. 36 551 332.
5155151515 2151114151 430.
5151551. uam 56. 633.
5115515551. 2 31. 54. 633.
1115150515. 1511. 20. 231.

51151. Nm. 66 332.

55511115. 0511. 58. 633 1113 5111

 

