416 Μ*

1101100 Ηο10000109.110100.427.191 1100001001οι 1000010 11000898 1. 21000110. 100011. 11000. 119.
1000000001ἰί Ducam 289. 12. 1100000100. 810001. 118. 100101010. Nm. 1181.
1000010010, 10100 291. 52. 0000000000. 81009. 118. 1. 0000111100ιί0 Am 11000. 119. 8.
10000901οω10. 80100288. 9. 1111000. Adam. 13000111. Am. Νο00. 1192.
1101001001. 1100101. 289. 11. 00000 80000. 187 001180οι0000· 1100011100 1100011.

100010 00001119. 9. 01101. 100010 800011. 982 00121
1011101ίο 11001. 119 001 ’1100000- 1111111801· Dumm- · 11011010. 1100001. 292

olma 1. 1000001100. Duum. 919 001 19. 00000100. 11000012921.
10011000. Cau. 290. 27. 111000011οο 11. 8000000. 202 011010 Peter-1. 2820011.
10011000. 800100. 290 001 29. 0100010100 1100101. 202. 1. 00001100. 11001. 11001. m. 2.
1000111000. 810001. 290. 29. 001100. Nm. 202 2. 000οπ000 11100 292 9.

000000 19000. 290. 35. india· Bmv· 202 tub 1· 11οο00100. 80000.

major. 800111. 291. 19. 0111110011 Bem- 202 9· 0000000000. 110000. 88 001992.
0010000110. Boiu. 289. 9. mace& RBr· 202· 1· 001101000110. 110000. 19001919.
0110010 Lim 291. 19. 1111ῐοὶ11119· 83101007· 11οο0010000. 1100101411.
00100900010 1100101. 289. 14. 1991101911· R 3113· 1· villosum. Parlat. 414. 1.

0000000 Hom 292. (nomen.) 111000010ςὶ000. Nm. 411· 11000000. 00000.

009000. 11000000 28900117. Ψίῦἆθῦοῐίῑῦῑῑω· Nm· 411· l· 0000001100. 80000811001901101001.
001000. 10100281. 41. Μὶθιίι Pm- 0101010. 11001. 841 001 1011001 21.
000110. Nm. 288. 18. pumil& ΡΜ334191 Amudintrial· 00101010. 80000917001100100001.
00111110 11. Β. 291. 97. Minuit 7101· 37 et 82· See& ΧΠ· 1100000000. Ρο001.

0000000 110100. 427. 91 91101101· 000000000 stat. 218 00110110·
00011000000. Lim 290. 25. 91001111· lain 340 0100 2.

pensa. 110000. 101. 1 00111 00 arundinum. 9001070001 117. nonnanis. 0100... 100 mh 11,

p. 288. 0000910000οω. 0110090111 001 1101100100ρα Semo, 177,
01010. 0. 8001 291. 15. 0000100 1. 01000000. 11·ἰο 178. 18.
0000099011οΜοι 291. 47. 0010110000οω. Pana. 9100110011· affinis, m 179. 29,
00000000 mm. 291. 03. carpum 1. upum.. m.. 10000131.
00000000 mab. 289 001 19. mense· 100034· ll· 0000011010 11000110 180. 95.
00091000 Boiu. 427. 111· 000010009οε1.3400170184001990. 090000. Pm. 180 00107.
00100010 11001. 289. 21. 000001000000. 11001. 121 001 00001- 10100100010. 1100000 182 0019.
rigida. 000. 290. 21. 015. . 1100100910τί. 11έο17921.
0000001000. Nm. 290. 91. eompremm· P02'r· 34· 19· 8001000οἰ000 110011. 181. 12.
000100 Η. 11291. 99. 0001001001. 11010. 34. 4. 8000011000. 1100011. 181 00110001·
mbram. Tria. 291. 51. 1101101000. 8000010. 32 001 221. lema 2.

8011000001. ὶ110001. 989 001 9. offusum. 110. 94. 1. 110001001οπ0. 11010. 19111.
0100100 Νο100.001011.01000000000. filiforme· 8019· 32 911999 tt 33 1009900010. 810001 177. 7.

289. 19. sub 259· 0000000009100 110011 17911.

, speciosa. 9111100. 291. 19. globosum· 7011119· 34· 191199 11119· 0001110010. Tria 179. 29.
1000100. C. 11001. 288. 2. hirsutum. 800000. 97 001 995. 0111010 1110. 17811.
1000100011οΒ0100.289. 7. 1010110000.800.1221019· 01000000. 71100 178 19.
1011000. 81007. 292. (nomeu.) 10001010. 11. S. 94 0011001010το- 0010110 Prin. 180. 19.
0011000. 11010. 291. 19. phium Ῑ· 9011110. 1110 179. 29.

0001110 Boiu. 288. 9. 101110110οι. 900. 24 001 199. 119000. 1111101. 178 001 9.
01010000. Cau. 290. 28. 1009100000. 1100 181 001 000101· 91011010010110. 1100011. 17819·
01010000. 800100. 290. 29. dium 1. (110000101υωί0. 11010 179. 29.
0100010 110000028919. 0101100109·Ρ99 122 9119· 0100000111018099. ,

11011010. 110000. 0001000000. 800. 12100119. 000010. 110001. 181. 19.
0100111000. 190000. 86 001 929. microspermum· 199911· 34· 8· 000010 801001. 180 00197.

1100001100. 110000. 974. 114 01001 minutiflomm· 710134· 5· 0000000. 11010. 179. 29.

112. 1101100100010000. 801011. 84. 9. maculam. m 181. 50.
0010101000.110000.875001112. multiflorum. (7001101011. 121 001 111000.11.1.ί100110.179.29.
10010100. 900000. 876 101 m. 11000100 1. geniculata. Νο00. 178 17.
elatum. Νο00. 876 001 119. nigricans. 11. 8. 84. 13. 01010010 71100 181. 49.
0100001. Νο00. 976001 117. paradoxum. 110121 001000010οθ. gueni.. Tria 179, 39.
00119110Ιο0.Νο00. 971001111. paradoxum. 8000. 12100100001002. 1100010 810001. 180. 99.
0000001001000. 191011. 969001 99. 1181111θὶ911· 199· 29 ⁸⁰b 97· 11100111. 1190 178. 18.
8000100000. Am. 971 001 197. 0000000οι0. Lupum. 122 001 9. 00000101. 810001. 422. 7⁵·
11οο1000000. Nm. 871001119. ramosum. 11010. 99 0011. 1000110010 1010 179. 21.
rugosum. Wau. 876 001117. 00001000οω. 800111. 12200111. interrupta. (810009.) 177. 9.

110001100010 11010 246 001 191. roseum. Spr. 84. 9. ungium. 3000010 179. 27.

1100000100. 81009. 117. 00010000 1100101. 84001 1. monim Nm. 18). 19.
0000000010. 81009. 117. 1. 8010191100οω. 0. 11001. 94. 2. 0000000010 11100 181. 11.

110ωο100100 800000. 898. 00000000. 1111194. 11. 0000 80011. 177. 4.
xanthii. 11000. 898. 9. 100011οι0. 000. 222 001 91. 0001010. 1010. 8000. 182 0016.
1100011.110000.898. 4. ’110οι0111. 110010. 122001 7. 1101000000. 11100. 17900129.
0000011000 11000. 888. 5. 10000οι00000. 110111. 94. 7. 0001110. 810011. 177. 9.
00011010. 800. 988. 2. 10111000ᾱο00. Boiu. 417. 4⁸· 00011000. Book. 1118199.
00001000. 1100011. 988 001 9. 0000010. 111001. 94. 9. 010110. 11100. 141. 44 01 00110.
00001000. Nm. 888 0014. 00100000 8000010. 97 001 999. 0010000. m. 181. 199.

 

