¹ ἓν
4444444441. 4444444414. manteau.. 44. 444. ι. xpum 444414. .

1444464144. Rama. 244. 26.
6141144444 644114. 243. 12.
langurium. 81446. 243. 5.
1443114114 64441444. 15.
4441441444 Gaudio». 243. 11.
4444441404 814411. 244. 10.
44414444 81441 243. 3.
4144414464. 844. 18644637.

= 4441014414. Nm. 243. 8.

4444144414 Nm. 246. 23.
4141441144. Nm. 206 mh 301.
Philippa Semi. 243. 6.
4111441144. Pon. 244. 13.
4141441644. 6441. 243 nub 4.
41411444441444. Nm. 244. 17.
41411414. Suu& 246. 28.
4144414 11. 64. 244. 24.
4444444114. 114441 244. 27.
3411441444. Nm. 136 tub 44.
4444444. 844. 203 snb 368.

4444444 84414644141434. 133

8441334310. Nm. 203 4411358.
4444114. 1164. 244. 23.
unuin. Pupp. 444. 1.

4144444444 mmor. 243444

243 nb 5.
04411141. suna. 243. 7.

V

144414144411141. 164.
4414444114. 111411. 164. 1.

314444. 11486414. (14444

1114444414 aaudiat. 166.
444444. 114411 166. 3.

wacon». 44444. 444. 1.
4444144444 444. 4. ,

W

311111444ιὶ4. 11441. 262.
44444444. 114411. 262. 3.

4444444444 11441. 263. 7 44 264

nub Mmowpm 1.
64114411. 64411. 263. 8.
8441441444 114411. 263. 5.
14444444. 64411. 262 1.
44314414 31441 263. 6.
4441444 111441. 262. 2.
44444 1144412621.

Χ.

14444414. 11441. 2414444144. 281.

1444444. 11 6444444 303.
4444414 11. 64. 311. 35.
44444414 11 64. 310. 22.
444444441144. 6431. 31010.
6441411. 11. 64. 311. 36.
4411144 11 64. 303. 3.
decomposita. 11 64. 311. 33.
denticulata 6. 64. 310. 13.
(1144441. R. Br. 310. 31.
46444 IM- 310. 23.
8144444444 644444. 311. 30.
0111444414. lt 64. 310. 3.

1441411114. 11 64. 310. 13.
glauca. 11 64. 313. 4.
44441114. 11 64. 310. 12.
graminea. 6431. 310. 15.
14411114 11 64. 311. 38.
14444414. R 64. 310. 21.
1444. R. 64. 310. 14.
14444444164 11. 64. 303. 5.
1444114114. 11 64. 310. 20.
media. 11 64. 310. 32.
4414444014. M. 310 11.
44441444. 11 64. 310. 18.
4444444414. R. 64. 303. 2.
4441116444. 11 64. 311. 34.
odon. 6431. 310. 26.
4444114444 11 641310. 8.
64414411. M. 310. 25.
purpure». 6431. 310. 24.
rigida. 11 64. 310. 17.
rupem. 64117. 310. 23.
4441444 M. 311. 33.
44444 M 301. 6.
4444144 M 310. 30.
4444441444 M. 310. 27.
4444114114 11 64. 310. 10.
1441114444. M. 311. 37.
44414144. 11431310. 7.
44444444 M. 310. 28.
133331.. 4.. ..
4444414 M. 283. 82.
4111441444 Iam (444444)
ambigas. Boyr. 286. 28.
4444414444. 1461 283 nb 6.
444444. tm 237. 53.
44444444. 1144111. 284. 1.
44444444. 114414 286 13.
asperula. 11441. Μ. 1ιὶ-
6414144414. 81441 m. 43.
6464141444. sm m 31.
6444444414114 Hm. 231. 42.

61441444414114 64411. m 4411 11.

644444444. 11 64. 238. 76.
6444114114. 111414. 283. 22.
Bromi. 114411. 233 84.
bulhon. 114411. 236. 23.
44444414 13441. 283 65.
4444041444 1741118611.
4111444 64144. 237. 60.
communit. 1144114. 286. 25.
complanata. 11 64. 238 68.

compressu„ Pet. 114. 111111 233 nub

connngulnet. 114418. 236. 16.
1443441444 11. 64. 288. 73.
41444444 114444. 283. 71.
4414411404 6414641. 234. 4.
6111444414. Lam. 233. 63.
1144641414611. 236. 23. ι
1144114114 11. 64. 283. 73.
1441444644». 114411. 286. 13.
zmilis. 11 64. 238. 78.
4444414444 Pom. 286. 40.
4414444414. 81444. 236. 20.
humilis. 114418. 288. 62.
6444444644. 11441. 286. 38.

indict. 644441. 286 441 30. ’
1446441414. Nm. m. 7. “
144414414 sm& 283 63. 1
144444. 11. 64. 238 77. ζ
144444. 1141441411 ab 31 ,
lupini. 111484286441111. ’
144444 11. 64. 83. 81.

144414. R. 64. 233. 70.

144414. 11. 64. 233. 83

14444444. 6444428111.
14464114. 1144128331.

1444444461114 11444 w. 14
1444114114. Mare. 2Μὶ

memma. 1441 m.
144144444ιί4. 814411. m
mm&
matinga. 114411. 23611
4143444414. seond. 11111 ¹
414114 W& 233 44111.
mim 4444 m 4.
ongum 4444. 444 4
4444441444. lam 28311. ¹
4444441414. 11 64. w 44111 1
offuturum. 1114. m. 61.
44111114. Mart. 287. 47.
4411411444 1164. mu , 1
pum 4441. 444. 4. .
444418444 111111 237. 31. ¹
manen. 444. 141 4411. 1
4444111444. 11. 64. 44173
1444444111. 81440313114
411444. Kana. 23112.
plantaginem 11441. 181. «57-
4144444414. 1444110. 1
„ammom 4444 nst
4411444444 14441411
4444. a Br. 444. 4.
44434444 11444 w· 41

agn». M.. 444. 41.
4414444 11441 m ffl-
44414414 6440. 23410·
4444444414. 1144. 2841·
4441144. R. 64. 283. 03.
446144414411441231 41· 52 1
446444464411441. 611117·
8411441444. 114411. mn·
8444414 64411 136. 31-
specuum.. 1144411111·
..mmm w. 1111
nubum 11 Ρ. 411. 0·
mammem 1441111·
4444444446 1111· ²⁸¹ “⁵ ι’
tenena. 1444 111· ¹⁷·
4444444. 44130·

44444 6414128611· x
4444414 11441. 23631· Ι
4444144444114. 11111 m· ⁴ ‘
44ςί4414 Spe. 26111·
41414444 11. B. 284 9·

4
ι

&ww
'm 14411. munorum 1484441441 14 mm

 

