346

Hm

sapam-nmmum sep-mmmm. serp-mmmm

ιίιίιιιιι. Ρι15. 130 115 3.
ninius. 8151. 111111. 11. 11. 95
hin 811511. 95 115 68.
dni-u. 11115. 99 115132.
ussi 11115. 121 115160.
3111151011. 111111 85. 28.
1111111111 11 Β. 18115 52.
numm 11111. 85 115 36.
mamm 111. 84. 18.
11111111. 1111. 00 115 77.
mutim 811. 84. 21.
mm. 811. 83 115 1.
nigrum. 811111 91 11517.
nim 7151. 137 115 41.
1151111 911191 115 92.
11111111. 11111. 106 115 2.
Manu 811111 w 1115 86.
ommim. 7151. 120 115 161.
ouum 117111 79 sub 62.
diganum 61116. 122 115 9.
0111γὶ Δ. 6111. 85. 31.
m 11115 89 115 69.
1111111111 Roth. 111 115 59.
pandicus 811115. 85. 35.
palustris aa 77 115 32.
1111111111 11 81. 86 115 42.
pamm 11 8 83 1.
potinum 11115186 115 44.
Μηὲ 751111. 86. 40.
1111111 151115. 89. 97.
1111111711. 1151511. 83. 9.
plangimus 11111. 82 1115 100.
plnugimim 11115. 82 115 100.
6111111111. 811111 112115 76.
planum. 11. Β1. 86. 41.
1111111111. 1151111185. 5151 1111111·
dus) 1195 1115 8.
plynorplm 811111. 74115 8.
mehgi? &¹22¹oe 115 7.
11111111. 111115. 97 115 110.
11111111. Pu. 15. 97115111.
1111151ὴί11191. 811111. 86. 49.
[1111111111 111115 86. 51.
1115111111 Im Dus. 12611512.
1115111111. mm: 115 115 108.
1115111111. 1511. 103 115 187.
11111111. Vaut 90 11151.
pungent 7151 85. 32.
pusillus. 7151 74115 9.
ηωο11115111 Saena 129. 5 11
1115 11.

quadr-agamus 18111. 8111585.
1115111111118111 89. 86.
1111111111. Spr. 104 115196.
11111111. 81151. 89. 85.
1111161111. 1511731115 7.
11111οὴ11111 Lim 64 115 53.
riparius. 15111. 86. 48.
romanus. 151. 97 115 107.
1111611111. Tm. 83. 11.

, 111156. Hopp. 85 115 32.
111111 3151111. 163 1158111111 1.
mm Batdw. 7411519.
1151116111. 811. 140 115 10.
1151116111. 8111. 107 11511.
111511. 11115. 106 115 7.
mophath. 11111 129 115 1.

11111111. 11111. 94 11561.
11111111. 811511. 92 11531.
simplex. 8117511510.
1111111111 111118115136.
11111111 1111158111584.

mmmm.

111111111111811118866.
111111111111198115123.

ωψωωηώω
mm sats-2 11111111.
mm 1111 111111 111.
11111111115111. 11.

mmmmm.
mmmm 11111111.

1151111111111 1151511. 130 1115 3.
11511111111111 Tm. 8310.
1151111111 7151. 86. 44.
11111111. 11115 1oe 115 21.
sulcam 81111. ’18 1151911 108.
21 11 83 115 7.

supinus. 1111. 95 11579.
1111111111 1111. 88 76.
1151111111111111. 6111185. 3.
711111. M„ 86 50.
1111111111. Rue. 119115 158.
1111111111. 815116 74115 14.
tenuia 11111. 16 115 11.
tenuia 571716. 7611517.
teretium 81118 85. 27.
1111111111 1511. 114115 88.
’1511511111 Spr. fi& 83. 13.
6111111161. 81115. 85. 29.
’1111111 0111118530.
torulis 1171111 76115 14. ,
1111111151ηωὶ1 11115. 118 1115141.
1111111111 1511. 149 115 111.
1111111111. m 85. 36.
1111111111. 151115. 711185 115 20.
1111111111. 7711115. 122 1155.
5111115111 11115. 107 11518.
1611115111 111115. 122 115 7.
1111111111. 811511. 122115 11.
tuberculum 111151. 761115 15.
tuberosus. 115115. 82 sub 107.
11111111111115. 82115 106.
uliginosus. 111111. 18111. 84. 24.
uliginosum 518115. 91 115 8.
umbellam 811111. 110 115 54.
715111. Lan 109 115 41.
validm 7151. 85 1115 39.
variegatus. 811111. 91 111518.
111111111111 811111 93 1115 15.
vestitus. 1115515. 1021115166.
viuum Pm‘r. 1151115110.
1111111111. Sem& 73 115 2.
571111151117111. 88. 16.
8111111161. 911119. 99.
5711111111. Bou. 89. 93.

8111111 lin. 167.
15111111.Ν111. 171. 47.
adamantino„ (811111) 177114.
1151111111 81181. 179. 149.
auceps. 111511 174. 79.
1151131111 Nm. 168. 4.
augum„ Nm. 171. 48.
annularis. (811111.) 176. 97.
trgum. (8111161172. 55.
nundinatus„ 11111115. 172. 53.
&pertim- (3111111) 170131.

8115111110911111) 175. 85
81111111 stud 173. 68.
mm cau. 1111 31
Bromi M 173. 69.
81111111. 8151111. 178131.
51151511 551511. 17 5. 92
campestris. (81118.) 178. m
1111111111 11. 81. 173. m.
11111111 W 174. 81.
minim W 179. 16.
1111511811 faa 175. 85.
1111516111. 1111511. 175 115 n
eeyhniu. 1511. 179. 139.
&inensam 179111. (
essim 5511 115151- 178 ab 111
essim 57151. 173 67.

cineta. 81118. 177112. ,
elam 1111111 111. 11.
comunis. 111115 168. 6.
eonon 811111. 171. 13.
11111111 [aaa 179. 135.
emaum. 111115 172. 56.
11111111 177116. 171. 39.
1111111111 (Su-d) 178 126.
diffusa. (811111.) 176115 96.
dim. 1511. 176 99.

distent 11 81. 173 115 68.

. diutim 17111. 180 115 3.

81111111 81115. 176. 108
11111111. 15111. 178 m
1111111111 sm. 171. 59.
11111111. SM. 174. Π.
1113111111. 8111111. 16121.
11111111 1111. mm& 1
solim 1111511. 170 27.
1111111111. Ow- 178145.
glauconem. 15111 174. 73.
gneius 111 111 11.
[1111111111 usq. 172. 52.
gummis (stac) 111. 111
5151111118111 169. 20.
5111111511. &aa 169. 25.
11111111. swam. 175. 91.
hispidus„ 111111. 116. 11.
1111111011. Ka& 1761111. ·
homonyma 1111 111 111 Ι
Romanius„ 811111 178- 123.
humilis 611116. 178139.
11111111, sm 16926.
1111111111. Rieu„ 175. 31
1111151161 111115. 178. m
8111116111 1111511. 172 nb 52
Xanthiam (81111.)176. 101.
1111111. 111. 111 snb 111.
111111 Nm. 169. 18.
1111111111. 1111511. 319.
latifolia„ 8111111. 17211553.
latifolia„ 1115515. 169 115 17.
latifolia„ 8115. 171532 1117146
et 172 1115 53.
lm„ 11. 81. 179. 144.
lut Tm. 173 115 64.
111111111ᾱί1. Pup. 1111115. 178111-
1111111111511. 111115. 176195
Liebmtnni. (811116.) 179137.
5151111111. m 173. 72.
lueida (81116.)168. 12.
meroem& 811111. 168 115 1
1111115111 me. 170 29.

 

