81111 825

(tammum. 5515555. cmx lm„ 5555951551 55555555551555155115
55515515. Tm. 8551. 22 255. 5515515551155 1151555. 185. 29 51 591.
555555155555. 91555. 197. 179. 555 19. 55 55555555551155. 81551 195198.
5555 15. 955. 187. 59. 5555155. 911555280555997.81555515551.885.219.197.
955555. 212 555 899. 5555555 1555. 217. 175. 515115. 9551. 210 555 979.
55155555. 1751555. 216 555118. 5555555. 851555197555 191. 5151111595. 855151. 298 555 719.
5515515 Boon. 289. 715 55515515 9585518181. 5155515. 9558. 297. 799 51 555 729.
5511555555. 515. 227. 591. 95515511. Nais. 25. 999 51551515. 191111 187. 55.
559555555. 5515527 555 599. 9555559555 85511. 216. 159. 5155515515 11551. 287 555 719.
551915. 915155. 190. 95. 955591. (8155111212 797. 5555515. 855151. 280555 919.
55151555 9558. 299. 719. 5555555. 1155511. 280. 915. 8555551555 8515515. 281. 959.
5551555 mn 227. 59751555 599. 555955. 85155. 216. 159. Romanunm 915555. 216. 159.
5551555. 85555. 227 555 598. 15.55515555 Nm. 198. 198. 55555. 85115. 198187 51197 555
5551551515. uu. 191. 119. 55515551581558.281.988. 187.
55519555 117555. 191. 197. provincialia 955 7. 288 555 781. 55515515. Aa& 221. 558.
55551555 wind. 191. 151. 55515555 85511. 217. 118. 55515515 19515. 210 555 795.
5555951515551. 188. 2. 5555555555. 81558. 187. 91. 55555515 85115289 555 755.
15555555 955555. 22. 519. 51551555555515 1151515. 180. 85. 115155. Nomia. 191. 51.
55555 Nm. 188. 79. 5555155555555 um 217. 77951555 5555511515 1911155. 221. 559.
5555515515515. Nm. 22. 299 777. 778. 115515555- Nm. 219. 192.
· 555515555918155. 22555958. 5555155555555 11555216 555159. 55115. Vm 215111.
551515. 8551. 220 555 519. 55551555551555 9155. 191. 155. 5511515. 81558 22. 599.
55591555 leym. 185. 99. 5595555555. 81558. 215. 195. 55155 955155. 21. 288.
puniam„ C. Δ. 5155. 208 555 275. 55555555595. Ν555. 228. 918. 1155511155. Um 228 999 51 555
5555555515 111515. 282. 999. 5559555555. 515551. 18155512 991.
pedm 1515. 292. 999. 5155515555. Kame. 212 792. , 5555115111189. 12.
55155551515. 1111555. 25. 299. 515555555555. 81551 222. 519. [55551515 M 186 55519.
5511155555 9. 15155292 979. 5155555555 81558. 281. 989. 55551555. rm 202 291.
515..Ι.555 227 555991. 5555555555. 11511555. 229. 581. 5555555515 7555. 218. 181.
5511115 5111555. 295. 997 55955515. 155. 181. 12. mamam 18115519.
55955115 195555. 282 555 979. 5595 9558. 211. 989. 55955. mum. 211. 127 11 210
5551515. 8585. 280. 988. 555595. 79515. 289. 759. 555 977.
5551519855. 81558. 180555 999. 55551515 9558. 222. 591 51 555 salanam 855155. 211. 128.
5555155595. Lm 191 51 196 555 585. 55555955. 85511. 52. 812.
799. 55551515. Nm. 218 555 119. 55515 15158. 21. 299.
peregrim. 1151. 181. 19. 5555551515 1555 5111151. 222. 599. 85555519. 955. 190 97.
55551555. Aac 221. 529. 555555ιὼ55 Kar. 855. 187. 99 8555591555. 955. 225 555 597.

.· 95555559.815555.199.229. 555555155. 911115.185.31.ιω515.1711155.515 979.
55155515. 9555. 197. 1811· 8511551555. 85511. 808 811. 5555195155 210 555 871. 975.
rotatim 8151. 21. 215. 9555511555 955. 185 555 85. 55551195 Amr. 211 555 989.
5515555. 8515518655512. 5555555 85115. 27. 9281· 55555πὶ555. 8515515. 201287.
55155555 955. 21. 212. 5555 85511. 195. 28. 555555. 8555189 555 5
5555515 855. 218. 122. 55511555. 85811. 228. 919. 55555515. 85155515. Tm. 229. 585.
55515551155 115511. 205 991. 55515 8555 215. 115. 55555115. 9711555. 219. 958.
551551155. 95555 211 55519. 5555555. 8585. 285 555 798. 5555511595. 85551. 297. 722.
555955115555 98115555. 291. 791. recum. 85155. 821 555 921. 555515555555. 81558. 189. 92.

55555555. 15512111915555551555155 115155. 27. 892. 8551515555. 85555. 28. 859.
5555555555. Nm. 295 555 996 mmmm. 855155. 221. 597. 85555559. 118118. 22 555 597.
55555155. 85551. 187. 99. 8515511555. 91855. 188. 7 51 55555551155.8551.187 555 51.
555555555555.(81558)219.591. 5551. ‚ 85555151. 111118 281. 918.
5155155555515 H. 8. 195199. 551551595955211. 129. 8511555551 8515551. 187.191.
51515. 81558. 181. 11. 551555. 8555. 218. 189. 8555515159. 955555 .299. 751.

59555. 111. 221. 559. 55155515. 85115. 229. 995. 5515551155. 111515. 181 555 19.
5115111555 1155218. 181. 55155515. Rom. 218555 189. 5515551155. 85115. 199 555298
515515555. 115555. 188. 89. 5555515. 815. 211. 228. 55555515. 85185. 198 299 51555291
515555155555. 1155555. 282. 971. 5555515. 71555. 200 555 229. 8555559555. mm 229 555 927.
5951551555 Im 221. 599. ”mwwfflm 209. 225. 5551155. Spr- 229. 928.
plantum 11191221555591. 5555558 95551551. Tm. 217. 199.
5151555555 855151. 211555 129. 5511551555. 8515555 212. 0197. 5555955. mim. 288. 717.
5151555595 85555. 21. 591. 5515555555 Dm. 221. 569. 8511551555 8511511. 189. 15.
515155155555. Tm. 217 555 172. 551551555 85155. 198198. 5555555115555. 1811229 555925.
5511555555 8. 85. 228 997. 55155555 8515515. 210. 797. 55551515. 81555. 258. 799.
5515555555. 81551 282. 972. 55155555. 9555. 211 555 779. 55551515. 85151. 298 555 781.
551555155 85555. 211 55558911551551555 85155. 211. 981. 551555595555. 192 129.

55155 5555. 85115. 22 155 259. 555591555555 Nm. 218 919. 5515555. 85552. 5555. 191555 118.
5515555555 811555. 212. 787. 55155155 81511 282 555 979. 5511595 85555. 185. 29.

 

,amma 1555 2185551755 mom-2„ 555556. 555 5555». 555... 551 nm.
575. mmmm 11qu 15555. „upana 555. 515.
,5515555555555555 mmm 555551 555. anona mmm
55555555855555555915715.8555195895515810555111

 

