183

55655.

1555355 55515155. Nm. 27. 151. remissum 5511551555. Κ5515.’108, 2155155555 5151511555. 81556. 106,
urim 8515515117 5552781· 75. 16.
mutinum. 17555. 11 555 16. breve. Nm. 106. 52. 51555155. 11555. 55. 201 15521115-
55555 Nm. 17. 12. 1555165155. 81556. 107. 62. 5511555 1.
serpentinum. 1155151. 22. 80. 5555151655. 11151. 103. 15. Ρ155111. Trm. 103. 19.
55155555 mm. 23. 125. 51155555. (81556) 108. 73. Ρῐίθῦῐίὶ· 115510. 105. 13.
niem 1155525. 120. 511515511565510651. 5555555Ν511.1115525.
35555555. sm 17. 11. 51555555. Home. 104 555 22. purpure-scens. 11. Β. 155119.
singulm. 1151. 83. 259. 0558515555. Rich. 101. 32.
5551551555. Ρ515. 83. 260. ramosissimum. 81556. 103. 11.
numum. 81556. 21. 71. respiciens. 11151. 32 555 216.
5151151515. 11855. 28. 165. 1115651611. [sunm. 10650.

compressum. 11. Br. 102. 1.
erinitum. 855. 10311.
6155515555. 17611. 103. 35 51 109
5111115555. 151 sub 55 nm.

5151555. 1115. 15. 28 nub 163.

6515511555. Bone. 21. 109.

5555155155. 1115. 100 551) 7.

565115511515523. 97.

5555155555. Rom. 81. 218.

5551555. 35555 32. 238.

supinum 11555. 23 sub 125.

5551555 815155. 19 551) 39.

85551555517555. 17. 7.

5515555355. 81556. 1812.

15515. suna. 28. 179.

tem m 27. 150.

tae. 115513. 33. 215.

55555. 655515. 21 sub 62.

1 115555ιὶ5555. 811155. 19. 11.

1 Thunbergii. 11555115. 28. 168.
1555515555. Poir. 32. 230.
5515551555. 81556. 28. 169.
1516551555. 1115. 100 sub 8.
&gluma- 81556. 27. 158.
1151555555. 555551. 21. 61.
55115555. Dim 23. 121.
mbram. Salm. 18 sub 33.
56515155. 155551. 32. 211.
11511151. 31556 24. 116.
minctum. 8555515. 20. 51.
5551511555. 81556. 19. 87.
mptum. 1651. 33. 253.
mim. 81556. 17 555 18.
5111151155. 81556. 20. 55.

5115555. 771553. 100 nub 15.
virgum. 215 21. 116.

51555555. Salat. 21 nub 115.
werimum. 85115516. 1101671·
1161555555. 851511. 28. 170.
1511155551. 81556. 28. 171.

1511551555 Dm.

111555 Βιαυυ. 363 snb 1155155515 2.

1511511515 111116 102 tub 2555155·

nm 551551108. 5551. 11.
uuo-nebu. 11511. 1155555. 108

1555155155. 11153516.

5655555. (815551) 101. 28.
65555551651115. 103. 10.
tumida. 1155611. 108 nub 77.
3155555555. (81556.)102. 1.
meum. 11551111. 107. 61 51108
meum. 1165555. 103. 61.
63551555. 7115 108. 11.
1555515855. M. 108. 71.
1555115115561515551110855517.
155555. 853511. 108. 81.

tuom. 1651. 118. 82.

55555. 11151. 30 nub 196.
tub-m 86511. 108. 79.
ΜΗ. (31556.) 105. 61.
unu, 51555555.

6151555. Rich. 117 555 1.
6151555555. 11555. 103 (nomen).

61515155. 6555. 106 sub 15.
65ωὲ55555. 855. 108. 36 5130553
515155. 1155151. 106. 17.
5155553555. 103. 39.
515555511551. 103 sub 10.
5155555555 1651. 108. 78.
1585515155. 1115 103. 1151119
65555555. stul. 10853.
geniculatum. 6555. 30 sub 195.
giganteum. 11151. 101. 23.
glabrum. (81556.) 101. 27.
[1555651155. 11551551. 101. 22.
gracile. 85511. 106. 57.
1155111556. (81556.) 108. 17.
55155155. R. Br. 30 nub 192.
5155155. Nm. 106. 55.
115155551511.11551ι51. 103. 17.
1551551655. 851511. 108. 80.
1556511555. 855. 102. 3.
5556551655. (81556.) 103. 21.
humile. 1155151. 101. 31.
1111125611 1111.
implicatum. 81556. 107. 59.
intertextum. Ρ55151. 108. 69.
8211113586).

5555151655. 1155151. 101. 26.
riparium. 1155151. 101. 25.
51555555. 855. 108. 81.
15155555. 1155151. 106 sub 18.
11555531. 81556. 107. 66.
551555151155.111515. 31551) 238.
85515556. (81556.) 101. 21.
5515555. Rich. 106 sub 19 5150.
815355. 115513. 109 551) 86.
51551555. 055515. 103 sub 51.
1555111155. 81556. 105. 32.
5555551515. Stena. 10161.
Tiberiadis. 115151. 119. 111·

516555. Nm. 107. 68 51 108 sub
..ftffzhm apr. 15515.
1555516555. 11151. 108. 76.
anitiorum. Η. B. 106. 51.

variabile. Notar. 551215565515155
stin. 10311.

versicolor. 853556. 109. 87.
villosum. 11. Br. 103. 36.
violaceum. 11151. 106. 58.
1555555555655. 81556. 151.
555515555551655. 81556. 151. 1.
8551555115. 35555. 218. 83.
15555511. 35555. 218 sub 61.
2551555555. 11815155. 193.
810561561121. 198. 1.
1155555611. 81556. 198. 2.
1555555555. 35551. 85551. 217.
scabra. Η. B. 217. 1.

1555515555. 1155351. 107. 65 51 2551555155. Nm. 239. §.L Dan·

108 sub 81.
1511151155. 855. 10813.
115555111555115. 108. 76.

1555115355. 85551. 109 sub 655·

15661111651155151. 101. 36.
’555555551556555 31 sub 201.
5555555155 1115. 102. 7.

thoni&

15153555. 25511. 183.
milianum· 7515 183. 2.
crinitum. 25551. 183. 1.
crinitum. 1115 15. 183 nub 2.

1555355155. stul. 102.
secunda. 1151555. 1.

1555115111. 183.

5555555355. Boutta. 103 sub 51531515. 81556. 186. 7.

5555155155. 8555. 107 tub 66.
55555555. 7115. 103. 9.
5555555555. 81556 108. 71.
mollissimum 1155551. 103. 16.
1155155. 655151. 107. 67.
55551555. 855. 108. 83.
nervosum. 7115. 102. 6.
51551555. m 103. 16.
5551511551. 101. 29.

55111655. Nm. 106. 56.
5551115155. Tria. 103. 12.
55555555. Nm. 102. 5.
5551555555255151. 107. 60.
55565555. 11515. 108. 8.
5555555. 81556. 106. 18.

3556615515. Nm. 186. 1.

15615115 Ait. 186. 6.

15551155. Nm. 186. 3.

patula. Ν555. 188. 2.

rm. 11. Br. 186. 1.

scabra mua. 186. 6.
2155515555. oviset.

61511515. 851551. 882 nub 23.
1151566155. Nm. 280.

5515515555. Nm. 115551. 280. 1.
Phanis. 165. 10.

ambigua. 115155. 116 56 10.

55555555 Eu. ll 551) 17.

amethystina. 1115 11. 18.

5555515. Nm. 11. 17.

55551515. Η. 61551. 11. 25.
38

 

