55115 461

rium 155115. 111555. 59555 319. 115155555151111151595551168965. 11515555515511511551. 76155518.
5511155555. 115515. 78. 534. 1151555511. Β. 60. 340. 551111515515.91553.47.147.
5511515515. 15515. 42. 60. ocreatum. Wlld. 54. 245. phyllotuuurum. 91553. 53. 232.
1155151155. Tria. 87. 666. 5115551555. 9551555111. 418. 4404· pictiglumu 81553. 73. 474.
5555551151. Tria. 55. 258. uligortuchyum. 91553. 97. 803. pictum. Koen. 47. 140.
5555115191551511. 56. 272. 5111511155. 11. B. 77 555524. 5151551155. Meyer. 65155 392.
1555511555155. 11. Β. 55. 257. 51511515. 11551141. 99. 834. pilosum. Suum. 65. 392.
nouortuehyum. Salm 55 155 258. 5151155555 1151539155 15. pilullierum. Ν551. 94. 708.
55551055551191151. 63555360. 5155511155. 9155111. 80. 561. piplupilum. 91553. 417. 2411·
munuum. Rooeb. 98. 829. 51 155 5155511155. Salar. 75155 5064· 51155111. 1115. 93. 750. Δ

816. 5151115155. 11111 76. 514. pluutuglueum. 1155. 60. 330.
5151515515. (91553.) 78. 537 ⁶· 5151115155. 151584. 626. platycurpum. 11151. 38. 8.
5551551155. 11515. 60. 327. uxyuuthum. 91553. 41. 54. 5151555111551115582589.
1115155551311555. 855511. 81. 584. oxyphyllum. 1155551. 65, 391, plicatum. 1551. 64. 380.
1115155551ρἰ Spr. 82155 601. 51555555. 91553. 68. 429. plicatum. 11555. 98155 826.
uultibruehiutuu. 1155511. 74. 497. pulleni. 955115. 93. 753. 51155 757. 5551151515. 111113. 72155 470.
multiflorum. Poir. 81. 578. 5515115515. Nur. 65. 389. pouemorplrum. Prerl. 91. 730.
5511155115. 65151511. 98. 883. paludosum. 11555. 72. 465. 1511105555. 91551150. 181.
1551115515. 111551. 59. 313. paludosum. 1155511. 72155 466. polyeomum. 1115 87. 667.
55111151551155511. 46126. pumplemourrunse. 91558. 71. 460. polygonum. 95515171. 454.
5511511515. 15555. 47. 146. pauperuugouru. 2511155. 1151. 95. polygonoides. 1515. 88. 687.
muscarium. l‘rin. 79. 542. 717. polyueurou. (91553.) 91. 734.
115151. 915511. 58. 308. 51515511151551. 91553. 54. 233. polyphyllum. 11111. 60. 337.
55115551. 15111. 40. 35. pupillorum. 15511. 100155 12. polyrrhiuum. Prul. 56. 279.
5511555511551. 51 155199. puppophorum. Nm. 56. 270. polyrtuchyuru. 11151. 81. 575.
51515111. (91556.) 96. 800. pupposum. 11. Br. 43. 82. polythyrruuu Nm. 93. 755.
5151551155. 11. Br. 56, 275. 551551155511155. 1515. 49. 176. porphyrhiuor. 91553. 72. 473.
11551515511155 102155 6. Ρ11551115551.1115115.49. ἐ72. 5511551555. 555141. 60.
11151515. 111951. 55555260. paradoxum. 11. Br. 49. 16 . 551151155515. 11511111. 99. 835.
115151. Meyer. 102 555 Hymo- 55115515511511. 75155 499. potamicum. 11115 71. 453.

555555 4. 5115115155.(5551.)45. 116. praegnans. 91553 74. 488.
115151. Lam. 102155 6. 1511515151. (91553) 40. 33. pruelougum. 91153. 73. 480.
515515. Nur. 62. 360. patrinorum. 11. 11543. 78. pratense. Spu. 48. 161.

1111115515. 11555188. 677. punitorium. Lum. 88. 688. Preulil. Kumi. 78. 533.
unctum Km 72 555 465. purruluru. 1115 41. 33. 11155111511551. 84. 631.
uenenum Wiplae. Anu 74. 496. 515511151551155156277. probandum. 911511 76. 516.

51 98 555 816. pupuloideu. 1511. 60. 333. proboscidem. 1515. 77. 524.
Nouii. 1551539. 24. puteus. 151598. 818. 515555555111551. 62 357.
neglectum. 11 9. 81. 588. 5115511155551. 90155 705. 5155511551. 1155189. 694.
nemorosum. 9555111. 93. 752. puteus. 11555. 98155 819. 515ῑί151515. Lam. 71. 464.
5511115515. Spr. 49. 179. puteus. 115115. 91 555 732. 515Ιί151515. 11151. mu 11. un. 181
nepheluphilum. (1553155. 81. 574. patentissimum. Poir. 98. 832. 555 Cryptortuchyr 1.
umorum. 1551 91. 724. puucillorum. 11 111. 82. 593. proliretum. 91558. 52 222.
1151151515. 1151515. 92 155 734. 55551551551111. 86155 65651662. propinquum. 11 Br. 43. 84.
morum. 11555. 49 555 179. 5555155155. 91553. 52. 221. prorepens. (915511) 46. 129.
muudus. 955511. 49 555 179. pauperculum. 91551158. 305. prortrutum. Lam. 62. 357.
nigrescens. 951155 66 155 395 5515. 5515555155. 1111111. 77. 523. proximum. 915511 64. 379.
5151115555. Ν151. 50. 193. 5515555111515. 1515. 83. 608. pruriens. 1115. 38. 12.
5111ςί11555. 915511 62. 359. pellituru. 1115 78. 541. Pseudougruutir. 91558. 72. 461.
uiu'dum. 1515. 86. 659. penicillulum. 11551. 50. (Agr. 101.) pruudouolouum. 11515. 46. 125.
nitidum. 71111. 86 155 050. 653. 180. 555515115π1.11511.41.415115553.

656. 555151111155. Nm. (Agr. 80.) 93 5555155655. (915551) 50 155195.
5511511511515. 955551. 95. 783. 155 758. 555515555515511551. 56. 278.
5511151515. Luni. 86. 662. 5551515155515.(911511.)44. 103. pseudotyruider. 91551. 75. 5001·
nodutum. Kuurl. 59 155 313. 5511551515. Securi. 65. 384. 5155151515115. (91153.) 39. 17.
551511155515. unul. 40. 32. peregrinum. (91551.) 83. 362. 51551555155111511551.11844101.
5511155515. 91553. 418. 624 0· persolutum Nm. 57. 287. 5111151555. 91553 66. 396.
mcum. 11515. 98 815. 5511515155115557287. psilocuulou. 91553 50185.
notatum. 111551. 98155 816. 1555151111. 115511. 34555 5. pullopodium. Triu. 83. 616.
nubitum. 9155188. 680. perpusillum. (91553.) 96. 794. puorigodiuru 11111. 85. 636.
5511315151. 1155511. 68. 420. 5111515155. 11511. 80. 554. puber-ulum. 115515. 41. 48.
1551111555. Luni 61. 945. 5511515155. 9515570555 444. puberulum. 11115 76 155 510.
numidiarum. 11511. grum. 115. 47 15615111. 1115 68. 426. “ puberem. 111555. 86. 649.

555 188. petrosum. 1115. 55. 262. pubescunt. 11. Br. 82 155 591.
1511111555. (91553.) 48. 193. phauoeurpurn. Nm. 40. 39. pubescens. 11115 86 555 6526546115.
nucem. 91553. 73. 486. 55555511. 151591. 811. pubigerum. 11. 8. 82. 591.
obliquum. 2511155. 96 555 792. 5551551155. 11. 9. 102 155 Hymo- pubiuudo. 1155511. 57. 285.
obreptum. 71115. 64. 373. 515555 7. pulchellum. 1151131. 57. 291.

obtectum. 11511. 58. 304. 5515115155. Prerl. 58. 298. pumiluuu. 1151. 52. 210.

ultumum 111111. 1511. 60. 325. , 5515511151. 11. Br. 56. 274. »55515111551115162 355.

 

