11111,

recines 1111111111. 1111111315. 198. 1111111 11111111. 17111300. 51.

conpressa. 1111. 309. 103.
11111111111111 81111310. 130.
1111111111 11111171. 316. 210.
011111. Hesi. fil. 315. 194.
resinis 16111313. 173.
cynosnroides. 11111304. 28.
1111111111. Sic. 811316. 211.
1111111111 11. B. 311. 144.
decolorans. Meri. Koch. 310. 118.
1111111111. laqueo. 304. 27.
11111111. Demere. 308. 101.
1111111.111111317111111111111111.
1111111111. 31111316. 221.
1111111111. Ferri. 3021111 10.
116111. 1111111308. 100.
11111111 uitta. 311229.
divaricata. Ders. 302. 9. .
1111111111. 111111. 30311112.
116111151111. 11111310. 124.
11111111 11011119. 309 sub 115.
0111111111. 314. 188.
1111111111. Meri. Koch. 309. 111.
11111. 11111. 314. 184.
iun· Vin. 303. 14.
1111. 17111. 307 sub 66.
1111111111. Liri. 306. 60. 11305
subl.
elatior. Lice. 310. 120.
elegans. 111111. 307. 81.
minem. 11111171. 311. 142.
111111. 17111111. 312. 154.
ensa. 1111. 307. 83.
11111111. 11111310. 123.
expensa. 1111111. 2871111 36.
nna 11111. 309. 114.
canicularis 1111313161.
1111151111 1111111. 309. 107.
111111 611111. 309. 108.
1111111111. (Sicuti.) 302. 4.
11116111. Lam. 260111155.
11116111. 811111312111153.
111111111111111111. 307. 80.
111111111111111. 3071111 84.
1111 (811111.)316. 220.
fluitans. 1111. 284 sub 1.
1111111 11111301. 39.
1111111111. 1111111317. 234. (nornen).
Psegisnn 11111. fil. 312. 150.
insen bin. 247111611111117.
61111111.11’1111.307 sub 70.
geniculata. Wiild. 305. 47.
genuensis Pollice. 317. 224.
gisnes Spe. 313. 167.
gisnes. 1111. 306. 62.
[iuuenes. 11111111. 311. 200.
gracilis. 1111111. 3021111 3.
gracilis. 11111171. 316. 212.
1111111111. 111171. fii. 312. 151.
cunctemin- Boiu. 309. 117.
rauciens 31111311. 133.
1116111611. 11111191. 306. 56.
11111111. 11111111. 311. 139.
1111111. Au. 307. 76.
Bernices. 111111. 308. 89.
Enipea. 1111111111. 302 sub 8.

1111111111 111. 111. 127.
113111 11111111. se. ee 111

mespres». 11111 111 ec

hispsnics. 111111. 30211113.
hispida. Sam: 294 snb 32.
humilior. 16111. noym 311. 137.
hystrix. Bos’ss. 307. 71.
incrassata. 1111711. 305. 43.
incrnssstn. 811111 305 sub 44.
indica. Rm. 315. 203.
indigesta. Boiu. 307. 77.
insularis. 8111111312. 147.
interrupta„ Dnjssslss. 174.
111111. 1911111306. 63.
Kinginnn. (31111.) 316. 219.
Kirelowii. 8111111. 306. 52.
611111111111. 811111308111 87.
Lachennlii. 3111111302. 3.
1111311111. Sciatis. 308 sub 97.
1111111111. 1111315. 209.
latifolia. 11111309 sub 109.
1111171111. 308. 94.
1111111111. 81113. 428. 1521·
Lemnnni. Bari. 307. 74.
Leysseri. 1111111. 321 sub 40.
1111111111. (8111111303. 17.
littoralis. (8111113317. 226.
1111111111. Larci. 194 sub 15.
livida. wind. 310. 125.
11111111. 11111. 309. 116.
1113111111. 1111111307. 72.
macrophyile. 1111111. 314. 185.
megellsnics. 1111. 304. 36.
1111111111. 1111. 302. 11.
maritima. 8111111. 314111 187.
memphitica. (3111111302. 10.
111111111611111. Sciit. 312. 157.
morienna. Spr. 312 sub 158.
1111111111. 1111111. 2941111 30.
minime. 11111. 301 sub 3.
misere„ 1711111. 315. 197. 11 256
11195.
modesta. (8111111316. 218.
mollis. 111111. 311. 141.
monostnchys Poir. 3171111229.
montana. 1111111. 3091111 111.
1111111111. (Sena.) 302. 2.
1111111111. Pariai. 306. 61.
mucronata. Foras. 298 sub 21.
111111111111. 31111. 310. 132.
1111111111. Ρ1111. 310. 122.
muralis. Karseis. 303. 23.
Myurus. 111. 313. 22.
Myurus 1111119. 305 111 40.
nnnc. (6111111428. 15 ⁶·
neognea. 611111. 313. 163.
nepslensis. (8111113316. 216.
nigrescens. 1111308111 96.
1111111111. 308. 88.
nubigena„ 1111191. 315. 205.
nubila. 11191. 315. 204.
nutans. Wiild. 311. 313. 160.
11111111. 3111309111 102.
obtuse. Spr. 313 snb 1611.
1111111111. 611111. 313. 176.
1111111111111011. 310. 121.
crine. 1111 305. 49.
pallens. 6111306111 62.
palustris. 3111111. 286 sub 23.
pannonica. Wnls. 307. 67.
psnormitann. (31111.) 304. 26.
1111111161. 313. 166.

451

1111111 1116311111. Sicuti 305. 48.

1111111111. 28711137. '
patula. 11111213 175.
paiens. Stsud. 428. 28⁶·
pauciflora. 11111. 315. 196. 111111
pectinata. 11111. 347 sub 95. .
pectinelln. 1111321011101111111111.
persice. C. 3111215111 81.
petenen (11111. 300. 64.
philistaea. 3111. 428. 151·
phoeniccidss. 11111317. 228.
picis. 1111. 3111171. 307. 76.
pinum. 1111111. 316. 213.
platyphylla. 81111. 428. 1524Ἰ
plebeis. 11. Br. 315. 192.
Pon. 11111111. 3021111 3.
ponecides. 111111. 313. 164.
1111611111. 0. Koch. 286 snb 21.
poliens. 31116. 337. 233.
prasina. 11111111. 307. 75.
pratensis. 11161. 3101111 120.
procera. H. 11310. 131.
procera. 0111171111 311 sub 135.
procumbens. 1111111. 303. 13.
psendodnrn. 811111. 306. 66.
pseudneskin. 31111307. 82.
pseudomyurns. 1111111. 303 111122.
pubescens. 1111711. 308. 87.
pulcheria. 811116. 3091111102.
1111111. 7111307. 78.
puncturis 3151. 311. 308. 95.
pungens. 11. S. 306111 62.
purpnrnscsns. Bnnks. 1111117312.
152.
111111111111161. Β. 311. 140.
1111116111. 10171305. 40.
Quartininns. 111171. 314. 183.
1111111111. Nece. 277 snb 202.
11111111. 11111111. 309. 112.
1111111111. (311111.)304. 39.
1111166111. 811111. 315. 133.
1111111111. hirs 311. 206.
restituis. 311111. 314. 181.
rhnchianthn 81111. 302. 7.
11111111. 81111308. 91.
rigescens. 111111. 311. 138. nbi 111
legendnm 1111 nigrescens.
rigida. 11111111. 302. 8.
rigida. 111171. 317 111231.
rigidoaspern (81111) 317. 231.
rigiduln. 6181111. 314. 182.
1111111111. 31111. 308. 99.
111111111111111. 7111111302. 6. -
rubra. 11111308. 97.
11111. 1111130811198.
1111111111. 11111111. 308. 98.
scabra. Vari. 313. 172.
111111. 1111304111 33.
111111. Laqueo. 3121111157.
scaberrimn (811116.) 316. 214.
1111116111. 8111111. 314. 190.
3111111111611611308. 102 ’
Schimperi. (811111.) 316. 222.
8161111111 [cies. 314 snb 181.
sciuroides. 11111. 30311121.
scirpiioiin. 1111111311. 136.
111111113111611111. 309. 106.
11111111. Book. 315. 195.
serotina. 1111. 232 sub Melicis 2. ,

si*

 

