11800.

1300110011 01010100 80011. lema. 01011 0111011101. 110861. 14.
0110111010. 1110 181 0010101101. 0010000011. 31001137. 14.
1010010111. 11111 177. 5. 01010 10101110. Nm. 31. 5.
1010110 Itum. 217 sub Gymno- 1011101Ιο 1110310011.

00000 2.. 1000110110. 11. B. 36. 14.
101011οι1110. 11110 178. 9. 1000110110 Home. 36 101 19.
0110011101. 11110 130. 34. 1010100111. 11. B. 36. 10.
1111011. M.. 181. 48. 0100011001. 810001. 36. 19.
0111111. Nm. 18031. 0110011110. Iam. 37. 26.
symma. rm. 11010.

1010110 10110 178. 14.
1100110111. Tria. 181. 47.
minim Κο11171. 1711.
1111110101. 31008. 177. 1.
11110001. stis. 180. 31.
1111110110ιο Nm. 178. 16.
0111000111. m. 179. 22.
100801εο011ὶ11101ε101010. 01001. 303
1» .
muhata. 2011. Mor. 404.

01010. 11011110. 37. 25.
0001001010 3100010. 31. 1.
0011010010. 8100111. 37. 23.
0010001110ὶάοο 1110. 36. 22.
001010000. Reddi. 36. 16.
101000ὶο0100. 11111. 36. 12.
000110. Nm. 36. 19.
0010101010. 1110. 31. 4.
0011001000ήο. 1100111. 36. 20.
01111101. 810101. 36. 11.
1001110000. Nm. 36. 9.

0011100001. 20111101. 404. 1. 0011101111. 000010 319.
00111001000. 6001. 360. 6.
appendiculam. 81006. 310. 3.
Ν. 0000010101. 11011. 360. 5.

glane». 2011. 1101. 404. 1.

0000101100. Ρ1001. 317 101 110010·
0031113001. 000010. 319. 1.
1000110100. 110000. 317 1111110010-
101181811110.’Νο00.360. 9.
010001100100. Pml. 360. 7.
10011οο10100. 8100113110. 4.

11018021. Koch. 1111. 1001100. 802.
0110011110 Boiu. 30211115.
1111101. 11111. 146.

101100. 1010 202 101111010011001.

arim. 110 202. 1.

11011000 Lim 3181111 0100000101.
11100111. Prin. 01001100 122 1. 4.
1111100 1010332

urbm 11010 332. 1.

1111001001. omni. 332. 2.

0001101111. 1100111. 333. 9.
1011010101. Nm. 333. 4. 010100110το. Pml. 214. 1.

’11101οπ0. 801011 333. 5. 0011000000. 90000. vid. 1111101101. 46.
3110110110 1101161. 1. 7. ·

111110 §zaddi 011 Panicum 1100110. affinis. 80100. 46 001122.

0010 4. 761.

111ον110101. Suu& 317.

11101010 8101111317. 1.
Nmpe. 11110 31100 127. 9. 3.
1001010011οι 30110317.

1110010111. Βο110.317. 1.

veniet 110110021100181.

000010000. 1100111. 360 101 6.

0011010101. 11111. 3101.

radicum. 31000 430. 64·

0111010100. Nm. 360. 8.
001010. Ρ1001. 214.

0000111101100111411111 109.

decomposita. Nm. 44 1111 103.
gracilia. 80110111. 46. 118.
1111101101. 810101. 41101 107.
1111110100. 11001. 41001116.
10000101. 3101410111 107.
mollissimus. 1100111. 44 001 95.

110000010ἰά01. R Br. 113. 1. 0010000101ιο 11. Β. 48 0111 155.
3101010001. Nm. 113. 1. 100001. Pml. 46101 129.
1110011111. Nm. 1130011. 100010. Pml. 410111 117.
11001010 0100001000100010 0111111111. 1101.
1111010110 110501. 1631111 15. “ disticha. Link. 296 011 16.
0011100100. 11011. ” 01001001. 1110. 116. 81100 124. fl. 1.
1111001800. 11001184 1018. 0100011010. 1110. 318.
1101000001. 1110. 318 1.
⁰ . 0110011110. Nm. 121.
⁰ retorta. Nm. 121. 1.
0111001000. 110000. 330.
1010. 90000. 339. 1.
10111010. Nm. 339. 2.
11111010. 90000. 339 1011.
0111000000. 11 Brauon. vid. 1011100111
1000101011. Nm. 41 101 119.
0111110010. Nun. 48101163.
0111010011100. Nm.
1100101. Nm. 131 111196.

01011100 1100101. 286 001 28.
Romam 11. Bm 110.

11110 110 81.
0101311000. Η. B. 35 101 1.
00011010 1110. 31. 7.
4114110 11111. 31. 2.
0111610110 Rudas. 30. 17.
1111110110 11100101.
1111111111. 10011131. 18.
100110011ῑο rm 31. 6.
1010111110. 1110 36. 8.
1011111010 11011111. 36. 11.

Momm

417

0101οι102.

001101011. 10011. 2 101 11001111 9.
000110υο10100. Lm. 3 111 1.
01000011. Dm. 3. (001000.)
0101001100. 8101183 19. ⁴
010010001010. 010010. 5.
0101111010 Low. 3. 4.
0101101010 Nm. 3. (nomen.)
101110Ιί1. Dav. 3. 8.

latifolia. 11. B. 3 101 9.
100101010οι. (seond.) 3. 12.
11110010 110013. 7.

10001101. 11001. 3. 3.
1110111000. 11010111. 3. (11011100.)
0000100110. 0. Dm. 3. (nomon.)
0110101110. 11011. 3. (nomen.)
0011111010 110000. 3. (0010011.)
00100011. 1100001. 3. 11.
0101001000. 3011011. 3. 9.
0100001. laur 3. 1.
0101000010. (smel.) 3. 14.
pubescens. Dm. 3. (nomon.)
0010008011. 3. (001000.)
00001010. 11011010. 3. 6.
100000. 0001111. 3 11111.
1011001110. Dm. 3. (001000)
001110 1100 3. 1.

101110. 1100111. 3101 6.
00001001. Rau. 3 11111.
1010101800. Dm. 3. (nomen.)
01101011. Nm. 3. 10.

010000010. meh. 122. 5. 2.

11001110Ιί0 Rieu. 122 001 13.
0010000. Rich. 123101 30.

0100100001. Nm.

junceum. Nm. 81 101636.
11000010οιΝο0.87 101674.

01000110. Setuci 107.

10000100 810011. 1971.
Ρ.

10011111.8101.41111111 100011000101100.

1100011000. zoa. 1101. 3. 1.

0001οο011110. 11101141001114. pnicum, 1110 37.

0110000011. S. 71. 499.
abortivum. R Br. 49. 170.
010011οὶ0010. 1100101. 40. 18.
10011ίο1010. 1110119101110100110·
1001101.
0001010000. 11·ίο 67 101 668.
1010111010. Dm. 82. 599.
0010001100. 81006. 87. 870.
nominatissimum. (suna.) 41. 114.
acuminatum. 8100111. 81. 646.
0000110010οι. 1111100. 82101503.
1011101010. 310011. 86. 658.
1000101010. Poir. 99. 841.
0011111010ιο. 81006. 10111193 1111754.
00111010οι11ιο. 31000. 68. 997.
0101001010. 1110140. 77.
011100οᾶ0111. Η. 1143. 71.
adspersum. 1110. 61. 949.
11110110. 8101111. 94. 771.
1110010111. Nm. 43. 85.
aegyptiacum. 11011. 30. 18.
1011101010. (3101111144. 89.
0000011110. Nm. 97. 819.
nequinum. Nm. 79. 544.
0001080001. sunm. 70. 449.
angustissimum. 800111. 66. 401.

18

 

