’461

m

21188188 lineolam. 1111818. 29 1811 Puplum 1118111881. 11. 8. 32 210. Pupam 8081081188. m· 101

8010118188. m 22. 89.
(0118811188. Ρ811. 20. 52.
distant. Nm. 3318122.
11811888110818. 11. Β. 22. 77.
(1111181188. Bam 29. 188.
(lullum. 1188. 82. 239.
effusum. 19111. 20. 17.
elegam. 11118. 25. 123.
8081818188. stul. 32. 228.
eminam. 19111. 24. 108.
1111811881. 19111. 28. 112.
omophorum. 88111111. 33. 257.
. 88881888. 19111. 21. 81.
exaltatum. 1111130. 198.
exuperatum. 1111838 1811 8.
1108108188. 26. 137.
extenuatum. Ν181. 18 28.
talentum Nm. 31. 218.
18801118. 8111111 24. 118.
1818801188. 191118. 23. 100.
fastigiatum. Nm. 21. 88.
18188818108818. Colla. 32. 233.
1110811818. Ν111. 22. 85.
81081818. 11118. 41 tub 19.
8181111188. 111111 20. 51.
888118181811. Β. 30. 205.
firmum. 21111. 28. 175.
8110811881. 1111118. 32. 231.
flaccidum. 19111. 22. 81.
1818889181. 19. 10.
flexuosum. 1118118 31. 222.
normanum. 111811. 28. 118.

⁴ 11811881. 11111111. 13.18.

folionum. 11111111. 20 58.
18818118881811119. 33. 252.
1818818188. 8111111. 22. 78.
manlii. 8111111. 19 15.
fragile. 8181111. 1719.
1111181118. 1111820. 58.
1818818888. Ρ1111. 29. 183.
luseum. Ρ1111. 42181 59.
numerianum. 19111 30. 208.
8881808188. Semi. 25. 128.
geniculatum. 8111111. 18. 21.
[1111818. Polr. 27 . 159.
gracile. 11111188. 28. 173.
melle. 81111111. 418. 187 e. mu·
18181 ln Ρ.881118811188811118881.
81188.
graeile. 981129 sub 181.
gfflllllffl· Μ 16, 3.
[8110888188. 811111. 18. 28.
guinem. 811118. 18181122.
guttatam. 71111 21. 89.
8888188888. emt. 23. 188.
hetorophyllum. Polr. 33. 219.
hestmmdlum· suad-19. 39.
heterotrichum. 21111. 28. 170 ⁶·
1111188118. 8111. 33. 217.
1110818181. 8111111. 18. 25.
11111818. 17. Β. 28. 129.
Ηι881181111188881. Ray. 21. 87.
1811181118. 8811111. 17 suh 5.
humile. 8111111. 25. 131.
1111118881. 19811. 18. 29.
11111111. seond. 1821.
18188118180111. 38 tub 1.
1188881181181881. 27 . 152

1111081188. Poep. 22. 90.
[1188881088. 71111. 27 tub 159.
1111181111. 11811111. 21. 85.
1081811888. 91111. 28. 182.
1818888188. 818118. 18. 27.

’ 1811188818. 19111. 26. 113.

laeve. 111111. 26. 111.
mgnum. 11 8. 25. 119. et 33 sub
253.
lanatum. 11. Β. 34 nub 118188811-
phium 1.
188811181. 811833 1811257.
1181118188. 71111. 28. 181.
0188ςὶ881881. 19111. 23. 102.
1811838888. 11111 32. 237.
1810811881. [11181111. 32. 212.
1881111881. 2111823. 95.
luam. 1818 33. 255.
laxum. 11111. 17 sub 8.
1888888888. 81111111. 32. 213.
lenticulam. Η. Β. 30. 195.
1881081881. Lam. 27. 118.
188881881881. 171111. 30. 201.
lepwmbyum. 1108. 30. 200.
leptostaehyum. 11118118. 32 sub 210.
188888188818. 8111111 16. 2.
ligulam. Ν111. 22 81.
10181118. R. Br. 20181151.
188388818888181881. 1818111. 30. 197.
1888108188 1111131211.
1883081188. 11811. 29. 180.
longilolium. 811811. 21. 72. mutetur
in: megaphyllum.
longissimum. 11881111. 19. 31.
macrophyllum. Η. Β. 30. 203.
8188188οά188. 818118. 13. 38.
macrospermum. Fluy. 30. 192.
malacophynum 11118 19. 35.
mmdiocemum. 21118 25. 130.
8813188188. Tria 23. 92.
munimntum. Remy. 28 sub 188.
maritimum. 21111. 23. 91.
maritimum. 19111. 26. 138.
818881018881818 81119188ςί·
1811818. 811118 21. 72.
811888188181881. 181832. 227.
membranaceum. 18118 28. 187.
88180818888181111 19. 41.
Manli. 8111111 21. 75.
11188181188818. 11111111. 20. 57.
8181818181818. 91111. 30. 201.
8101811888. Dm. 33. 251.
minimum. 19111. 11111111. 29. 187.
81188ῐί08188. 8111111. 17. 8.
minutum. 71111. 17. 17.
mollo. 111832. 232.
18808. 17111131 tub 221.
1880188888. 11111111. 31. 221.
molllpilum· Stoud. 20. 80.
8888888188. 311118 24108.
8881881188. 11111118. 20 sub 18.
8181088818. Poll. 181.
8811118181. 811118 18. 22.
Nomii. Kwntl. 22. 79.
8118818181. 8111111. 33. 258.
notatum. 11119. 20. 50.
outcome. 811118 29. 78.
obscurum. Ν111.30. 208.
8118108088. Rada. 20. 53

1811 9.
oligosltohyum. 881118 23. 93.
orbiculare. 18111. 26. 135.
orbiculae. Polr. 1718118.
811181181188. 811111. 27 . 182.
onlo- Ν111. 22. 88.
8811811188. 8111111. 27. 151.
paebyrrhizon. 8111111. 23. 101.
8811181811. B. 28 171.
8880818188. Lim 18 32.
8881081881. Syr. 171.
paradisiacum. 81111. 23. 105.
patrinorum 118181. 17. 18.
pectinatum. 19111. 20. 19.
8818818818. stul. 30. 207.
pellitam. 19181. 24107.
penicillum. 11881. 1131219.
pilosum. Mn. 33. 281.
8181111818. Ρ811. 22. 87.
platyeulmum. Ρ11. Ta. 30202
811881818811011. 27 . 151.
11181118881881818. Suad- 27. 180.
Poimtii. 11. S. 23. 181.
881111811188. 811111. 19. 23.
polyphyllum. Nm. 22 sub 77.
8818188818Μί Br. 32 228.
polymmynm. 8811111 18 ml 23.
2181111111111111. 31. 220.
8181181819111. 23. 98.
protensum. 21111. 211 sub 125.
pubescens. 1111132131.
881181818111111. 31 181220.
8881181818. 1111111. 33. (nomon.)
publlollum. Ρ1111. 27 . 151.
pulchellum. H. Β. 23. 185.
pulchrum 19811. 38 ml) 3.
88810818. 19181. 18. 30.
punctum. Flayy. 99 1813.
purpuratum. 811 24. 113.
pusillum. 91111. 1718.
pyramidum. 19811. 28 sub 173.
8811101088. Lm 29. 178.
1811181881. Trio. 38 sub 1.
1188811818. Nm. 111111. 11

1811 1.
netum. 19111. 22 82.
aduncum. Nm. 31. 215.
1818818181181118. 30. 198.
888111. 8181111 28. 188.
1188115811. Suum 17. 13.
repom. 9118. 31. 213.
0089128012·
03139313ρῗ11. 11.
1808888188. 811118. 24. 111.
mlum. 19111. 28. 111.
18881118. Trio& 17. 15.
11181818ίά81. 19111. 23. 98.
:sanguinolentum 21111 26110.
Samum. 81118811. 417. 1111
1881118. 78111. 18 31.

scopulum. 11118. 29. 181.
nertubgegzmm 1111. 21. 71. 1132

 

