404 000.

1000600 rigida. Nees. 95 006 776. 14001001. 1000. 292. 1000030. Sem-112.

60611611οὛ6. 90618 ι1ὶο1191900300 003. 1100811110οΒ1103929110. 3110116 66651121221162.

368 §.6 00 374 S. 14. 610001. 31011. 227 006 32. decipiens. 16010000. 4191010112.
tristatum. [10375006 112. brachystachya. 1100. 294. 28. 1101000. 81001 112. 3.
1110010000.110110.376006111. 01000011. Νο00- 293. 14. racemosa. 170716. 1121.
tristatum. 6006376006119. 010001110160100. 293. 12. [1001300010. 80016. 112.
auritum. Nees. 301 106 7. 0101100. (81016.) 293. 6. 611031. 31011. 112. 1.
australe. 660376006155. convoluta. 1100100. 393. 1. 1111310060 1111. 013010113213
barbatum. 6010. 376 006 111. cristata. Pers. 292. 1. 0100001016000. 132 006 98.
010010000370000 133. 000003ἰί. Nm. 294. 33. 061001101. Nm. 5100. 163 01671.

’ 0111110. 1011375006136. 1100101101. 1101016. 293. 9. 1101006100. 111011. 298 006 111000·
00111101. 11. Br. 112006 001111011. 1131101. 19010010. 294. 21. 11013.
conjugatum. 6005. 376 006 157. 311001. Deo. 293. 7. Lasiolytrum. 300006. 11.
001011100οί Nees. 369, 65. glomerata. Kumh. 22910667. hirtum. 30011. 12. 1.
0000111000. 6006. 006 9001101. gracilis. 0000. 293 0062. 6101000. 110015.

1131010010. 600001. 382 006 239. 3010161011. 601007. 292. 2. 0000300000. 60115. 112 006100·
falcatum. 19000110001. 36900661. hirsuta. 1100. 294. 21. 0130 3.

4100100110001600001. 382 006 229. hispida. Dec. 294. 32. 10061001. 81011

1111101010. 170771. 377106 161. interrupta. 81011. 184 006 17. 0101001100. 31001. 101 016 1101
fragile. 6. Br. 369 006 68. 1101. 11110. 294. 29. chela 1.

geniculatum. 6016. 376006 158. 10061οι1. 60011. 294. 31. 1001011. seland. l.

gibbum. 7111. 376 006 118. Linkii. Kunth. 294. 19. 0600010101. 1100501. 2 006 12.
3116110010. 60001. 377 006161. macilenta. 1100. 294. 36. · 103000110111.Τη’1.2.17.(000001
301100οε0. Kanna. 382006 231. 1010110161. 30510. 293. 8. 100011. Nm. l. 2.

hirsutum. Nm. 361 00612. nitida. 19011293. 15. australis. 1060. 14. .
bispidum. H. B. 116 006 17. 0600016011. Boiu. 294. 26. 6110160000. Spr. 210612.
10160060. lim. 375006 112. 0001001101. Nun. 293. 16. contracta. Nm. 210612.

’ importunum. 1010. 382006 234. paradoxa. (3001011294. 23. digitum. 1000 2. 16.
insculptum. 1100600. 369 006 71. 2100101101. 11007. 295. 37. disticha. 60115. 2. 7.
intermedium. 6100000 382 006 228. 000001010101. Dec. 287 006 110600· 01003001. 116111. 2. 27. (00000)
10001000060107.113006760010011. 101 1. 3106001010. Prin 2. 13.
1161011001. 60005. 382 006 232. 00000160. (Stena.) 293. 13. · gracilis. thd. 2 006 11.
laxum. 1160369006 67. · 0111001100. Ρονο. 294. 27. 60100101 3000000. 211.
0100000060οι0. Rich. 369 006 79. 0011001100. Nm. 295. 35, imbricata. Pot‘r. 2. 5.
01011οο1100. 11000 216006 8. rigidula. 31001. 293. 11. 100000110110050. 2. 6.
mirus. 1001377 006162. 8111011001. 60101295. 37. figularis. Tria. l. 3.
010000016ον1. 377006 165. 0001001. Dec. 293. 11. lumniensis. 16006 2. 9.
01001000110374106128. 01610101. 60601011. 280 006 100000· 0001011131. 1.1.
0100100ιο. 300100. 375 006 131. 0011. 010ιί0101 H. B. 2. 12.

= 01101000οι0. Trin. 370006 116. 0101101. Boin. 427. 292· 000ιοί100. Sw. 2 19.
pallidum. Kunth. 115 006 18. splendens. Ρνο01. 292 0062. ovata. Ροίν. 2. 1.
pectinatum. Νο00. 369006 61. sternis. 30006 293. 3. 7001101. 3105. 2 006 15.
pectinatum. 1601. 369 006 63. truncata. Tm. 238 0061106001001. virginis. 111111. 2. 8.
0000010600οι. Ρο001. 382106 233. tunicata. Preel. 294. 31. [0001000111. 80011,

100000. 11005. 374 006 129. 0100000001. C. Koch. 294. 25. insignis. 81011. 359 006 uude

1000600Ιὶ01100. N. Br. 382006 235. valesium. 6016. 293. 16. 101011.

rugosum. 6000101376 006 119. vestita. Nm. 294. 26. [00000010111110. (Lipeocereis. 110001

00100000. Walt. 209 006 15. villosa. Pers. 294. 22. 366 006 36 0001.

00006100110010. 9710101. 373 006 113 Webbiana. Parlat. 295. 36. 10001101. Νο00. 379 006 189.
00118. Κ10016601110. 11101. 415. 6111611. Nece. 380 006198.

segetum. 1110376 006 117. 01000101. 6100. 415. 1. (nomon). pertusa. 110001. 364006 1.

3061101. R. Br. 369 006 69. [0011011001. 7010.

10010131001000. 11015. 3760061511. ι 1100101100. 2000. 339 0063010044·

1000100010. Nm. 375 006 132. ⁰ 01110011.

00001100. 6005. 377006 159. 10060130000101110.011.011οι003000οἰ0. 20οἱ00011. 1600.

0110010000111101. 376006 151. 0111100. Νο00. 1740116139. 6100110111. 7600. 292 006 21001

’ triticeum. 100037000101. 0610100000. 7011. 174 006 111. 00300 2.
1100111010οω. 111171. 376006 153. 6111010110. Trin. 172006 121. 1000010010. 11. 600000. 8.
villosum. R. Br. 376006 156. 11001001. 16000. 173 006 135. 61010011. 11. 60. 8. 1.

Royleana. Νο00. 173 006 135. 0010ἰο311. 80001. 416. 1.
Κ. 1106000601. stand. 5. “ 0010010000. 610001. 3. 3.
pilosa. Steud. 5. 1. 1001101011.Νοοο 8. 2.

1110οι0ιο011. 30001. 34. 1030100100. 183. [0001060100. Nm. 409.
0001101101. 81001. 35. 1. 0060100001. 101. 405 006 11000· 11001010οι0. Nm. 409. 1.

1100001001. 80001. 358. rata 1. 1000006101. 110000. 208.

01100600. 80011. 358. 2. ovatus. Lt'n. 183. 1. 1000111. Nm. 210. 26.
80106011. 80001. 358. 1. 110111ὶί0. 1100101. 299. 1116100 110011. 210. 29.

11000011. Trin. 00101. 1100001. 3001. et 111006 attenuata. (80001.) 209. 17.

000111101870060600003100001. Pterium 1. 6010111000. &aaut 20912.

 

