844 Mass

usmsupmlsuus. 11441141. 67. 2144411444111414411441444146167 Schoenus 4411441144 3444421414
141414. ussus 146.66.144411441111.(81446) 1446941141144411.
114414114 614441 1467614441. 3411114141 14124444111144114 147 441 92
144414. 6411411. 146. 71. 1414444114, 814416 143. 62. 41114141. Meyer. 136 441 12
14444441. 1144141141 148164 144414 71411. 137 441 36. cladium. 8144414. 162 441 2
1444 71. Br. 148. 793. 1141441644 Ν444. 148. 197. 44144141. 1141. 16627.
1444 7411. 110 141 0441444144- ’141144444 amq. 140. 6. compressus. 114 162 441 ἢ
4441. 4141441444. 11414. 147. 96. usus 2.
1444144414. (6114141.) 146. 63. 11111414. Vah& 148, 771. compar. Ls‘ss. 164 441 1.
1411411414. 814441. 140. 17. 14111414. cars. 149 141 3. 444144441144. Pos'r. 82 141163. 1
144414414 Souras 147 441 68. 14111414. Ν444. 1491411141. corniculum Lm 150 41111.
1444144111. 2114. 148. 166. 1414444 174114116114111114144111, coraustus. 81142123 44119.
444144144144 Tm. 166 1410444· 1111414414 6414411411. 66. cuspidatus. 11441. 164 1413.
14141444412. 4411464414. 2141111111 147 . 91. 4444444 Ν444 166. 14.
4144411464 4111444. 143 141 49. 61411141. suus, 149. 121. 4444141444 Suum. 166 16.
1163161166· summm ”W 161161·
. . . . . . 4 41 r .
11444141. 811411. 149. 117. 1114111444 Ν444. 148. 116. 4114414144. R Br. 166. 2.
’ἭΜικι (Μ’ Μ 3² ἰ 'ub &mamm 41141144. 11111443011114414111
44414444. (suus) 144. 64. 1414414444114 11114. 807 441169. sueinus 24416. 166. 21.
4144441114 6444. 140 1416. s messuistis Ν444. 166 6.
4144444144 Butam. 140 12. · 1416441144 usust. 141 44117.
414444414814441. 14266. 8447414461, 8414411913. fastigiatus. 711446, lmen 1
41114444 Ony- 140. 7. 1444114. 6414411. 8131. 1444414444. 1411 160 d M
4111441444. suras 189441 13. 6414114444114 11444111. ⁴· 44414 1.
411144441191446.) 143. 61. cupium„ 11441141 196 441176. 1111414111. 71441. 12314121
411441. (34444) 148. 66. 84111414ρί4 Ν444. 172. 411. suasis„ 1141441414 Ν444. 166. 12.
4444444144 Sus& 144114144111444171 44166 114441 W& 318 441 6. .
1441116444 9144. 140. 16, sylvestris. Ν444. 172 44161. 14444444 11446. 161 441 6.
4141116444. Ν444. 147 441 66. 64144444441141414. 6446411. 318. 4411141 Mys. 146 441 62
1144411.(61446) 146. 76. 41114 ρ.1411441 6446. 313. 2. 144641424644. 181441041444
411 1149444. 140.·1. 4141114444. 64116 3137
44 (SM) 146. 76. 841444444414611266. 111144407φέ4 1611411119.
4411114 M 141441 17. 144114144 111441, 267. 6. 41111141. Ν444. 166. 13.
4441441414 61441412641144144 1111441 267. 2, globosus 114144 148 441 44.
41414411446114) 146. 76. 14441. sas-'s 267. 1 41 247441414444144 1411 141441 26
passus„ 4114111141. 4461441414 gum ssu-s sss as 114
4444464444 148 169. sussum Ν444. 14414444 1.
441414 01441401111444144411414. 161 1411. [1441111 8414444146 44169.
4444444. Mos 147.67.11444414 Ν444. 1614416. umuli. (61446.) 166. 33.
4114111444 uersos. 147. 96, 641444444411441. 11444. 246. 1144114144. 7411. 136 441 32.
4144444211. lass 0144444414111441246. 1. 1444441αᾶ44 16624
Ρο111444(81444) 142. 4124114411. Ν444. 246. 4. 44141114 R 64. 166 1,
plysn 114 6444114766141444441. 114411 246. 6. 4441471441166 2363744162
»4144441414 mou 144. 66 14141411. 1144144. 243. 7. 1141441. 14141. 16114119.
polmus. 1411 146. 61. myos-sununs 114441 246. 2. 1444441. M. 246 1412.
nsum (6144111142 39. 4414411444246. 6. lm 71446. 166 26.
sismusinum 114441 246. 3, 11141414 Vult 122 141 11.
’1144 Noa. 246. 6. 14411444 841446. 166. 16,
84144444 ” 166 14ψ1144114144.1604416.
4441441114. 1411 2441161441 longumthfflulwnbffl
“ 1. suumn 1.
44444Ἥ44264166 17 44414411441211429141364
144444414.(84441.)146 73 Μωδμ68441114. 441ᾐ441ι244η1881412
41411464414644161. mmmmm& &muman
8484144442441414662. 6144614149141126 muman
8ὰ411441444(61441)14677. mammam 144164446414ι137441344436.
mummulus. 4414644644116626. &rums-1685.
mmmmm. mmmmm. ι41444414ι74411611111δ4
&mumma 4111444υ61444166.19.
*umqum 4644144241149141112. mauselanum
aqu-du 84441. 146 116. uuum. 641441. 122 441 3
del-lwnbc. 24144644114416026. mstssnbm
ῃμῶιΜΙΆ-ἱθ. sufflamus& 4141114441414. mamm
mmmmm. 16144411412444136. 444442
&ardutium 1144441141116622. 41444444114441ὅ14124.
«ιαμ-1114411266 4141114444411444161.644166 nummi.
fflffllssloe. 44121. ‚mammas-

ιιι-4444411444 ψει-414144 ‚unffi-suun

 

