416 111600

0011 gigantem 11001. 10. (100100.) 01001001. Panhor. 202. ·
1010100111. 11011. 10. (000100.) 0006010001. 800. 202. 1. 1)
110011οἱ1. 800. 10. 6. 101010111010110.110111203.9. ”
11011111. 1111. 9. 1. canescens. 110011. 203. 1. 11101010. 11111 297.
0010101101301601. 147. 0101100011.Κο011.203. 7. 01100111111100111297. 12.
11111111.901101.141.1. concinnum. 11001. 203. 6. 1610006001 801016. 299. 21.
00111601. 60100. 112. 0100110. 111111. 202. 2. 11111101. 300000. 297. 3.
6101110101. 000. 112. 1. 011060111οι. 1101111. 203. 8. bombycina. (81116) 428 11129
61010011. Beuum. 112 011 1. 11000110. 80111161. 203. 6. 1101110111. 11001110. 298. 17.
0010100110. 301111. serpentinum. 91006. 202. 3. 0100011001. Pom. 260 101166.
10011111. 110000. 149 001 39. 0111000010. Notavit. 210. 0101010001. Nm. 297 10111.
0010061110. 11101. 176. 0011100111. 11010010210. 1. 01011111 801011. 298. 11.
. ’ 1111110001. Το101. 177. 3. 0111000000. 30001. 0101011111 Line. 297. 13.
1011001111. 11111. 177. 1. ‚ 6101010011. 30000. 1331111. 01111010. 211011. 298 21.

s fulvum. 20601. 266 111 72 0011. 0011011101ἰο Nm. 403. 000000001601. 11001 29816.
humile. 601001. 177 1111. 11111ἰο11111. Nm. 403. 1. fasciculam. 0. 601111. 297 11111.
1161011010. 11. Br. 176. 1. 0001000000. Nm. 1160 4060000000 1106011111. 1012110119.
11100110. (81006.) 176. 6 6010 011 383. 801110 111. 0011011111. Bam. 216 01121.

1111 minuta. Lin. 223. 61. arabicus. Nm. 387 011 291. 011011. 11011. 297. 7.
0006111100. 10601216011720011 00111000οο0. 8001011101101101000100. 011000000οι. mua. 297. 2.
0106100600. 177. 6. 01116110010. 800. 400 011 12. 0100100111. 11102911.
8101001. 1110. 177. 2. 000060011101006. 111011. 801006. 298. 27.

1110011. 10601. 177. 7. 11001110. 110001. 213. 6. hispanica 11011. 297. 1.
0000100010. Lim 9. Dactylou. Pm. 212. 1. 111οι0101. Noe. 297. 11.
0100111100. 1110. 9. 1. 01010100. 11010001. 00012120012. 11100161. 111111. 298. 26.
hyemalis. 11011. 164001 27. elongatus. 600. 206 00136. 1100011101282011110100011111.
0000010011. Zea. ’ 0100100. Prae. 213. 7. 11 0006101600. hin. 298. 11.
101161οι0000. Zaa. 317 01111110· 0111011101. 31006. 212. 2. 11011. 111297 00111100011010111.
thena 1. gracilis. Nea. 213. 16. littoralis. 111116 237. 9.
000000010010. 3101121811111011. 1. incompletos. 11000. 213. 1. 101111 Pamin. 296 01137.
001101. 1101111. 201. 1001001101600.81006.423.61· 1000110Ιί1. 301016. 298. 26.
01000010101601. 311111. 201. 1. 0011110. 11000213. 6. 0110111010. 601006 297 0119.
1100001001. 1101101. 201. 2. 0110111. Νο01. 212. 3. 011001110οε10. (81016.) 298 21.
001110. 11001. 11001001. 0110000. 11. S. 213. 11. mucronata. (61016) 298. 21.
1001011110. 11001. 362 001 9. 001001101110. 11. Br. 213. 11. 1100101. 810011. 297. 11.
0011061101. 21111. 01611111. 110111. 218. 9. 0110610111. (seond.) 238. 22.
100600001601. 11111. 261 00126. 1101111111. 111116. 212 001 1.’ 01111. (81006) 298. 23.
1000061010. 1011. 21611111. 1000110011. Br. 213. 13. 011010001111000297. 8.
01111100611011. 30001. 10001. 11011. 213. 6. 0000000. 601001. 298. 19.
0100116010. 1011. 80001. 360 001 1000011016014011131. 100011. 0011298161316111111.
28. 11101101. 1110021312. rigida. 110100. 427. 4⁶·
erithopymm. 11001. Ρο00. 00100011. Lim 299. ⁴ 0000111. 1101112117. 6.
1101000600. 11001. 11010. 344 011 aegyptiacus. 1111212101 11101110- Smithii. 11111. 297. 19.
61. 01001101 1. 0010111. 111116. 301 111 110110111-
0000011. Lim 161. 100011. 210. 900 sub 1111100111 1. rus 1.
10110111. 111. 161.1. 0010001001.1110291011801100111. 1111011. 1102110111.
acuminata. 2010 162. 16. 060111001101 299. 1. 1111011011. Nm. 299. 21.
’1000011101 100001. 262. 6. 6016100011. 1100. 208 1012. 0111001. 71001. 297. 6.
6000010161. 301006. 162. 7. 60011. 110. 303111 11. 0101010011101. 119116. 212.
600001101600. 810106111121116. 0011101110. hin. 299. 2. aegyptiacum. 111116. 212. 1.
11010011. 1100101. 162. 16. 0111101. Bam 299 001 3. tristatum. 21111. 212 6.
0001011011. 81006. 161. 2. 0100000. 110οῘ. 299. 3. 11010110. 81006. 212. 1.
0011011011. 801111.. 16212. 1111101111. 1011108111. 1101101. 11110010. 212. 2.
0111000001 11. B. 182 001 9. gracilis. 1102990113. 0100011110. 1111102123.
01011000. Nm. 162. 3. 000001111101. Van. 204 011 6. 0001101100. 191116 1111011110.
0111101600. 31001. 162 0019. 0116101010111011. 8. 299. 4. 01611111. 30011. 212. 7.
0111001600. 11. B. 183011 12. 001110. 1101101. 296 011 16. 0101110011. 001016. 238. ’
01011100. laub. 80001. 42116162. 00011011001100021001121. 1100010101. 1100111. 24411171.
1111000016οι Lm 162. 1. 000101111110. 1011116106. 11101600. Nm. 239. 6.
10100066001100101. 1621116. 00101110101110. 1110299111 1. 111161. 1100111. 241. 73.
1600001601. 3101. 1620016. 0100110. 1000. 282 0013111000111116. 10016111. 20100 211. 96.
00610111 110011. 18201111. 00000110. Ρ1011. 217 011 16. 1100001110ὶί1. Nm. 240. 21.
00010011 Nuce. 112 13. 001101000011111. 111112 236 00111. 11001111. suad. 246. 77.
1010116001. rama. 162. 9. 10001111. 610. 146 111Δο00000003. 1111111. Nm. 240. 29.
1101111100. Opis. 162. 6. 1000111011 01. 178 001 13. 30011101. Lena 240. 11.
01101οἰ01. Nm 162. 3. 10101100. 11001. 299. 6. 0100011001. 61116101. 241. 11.
000010111οὴ01. 61016181. 11110110. 111282111301100001013. 01110111 11. 8. 242 111 11.
11011111. 81006 181. 1. vaticinatus. 111011. 218 nub 2101· 0106161 1100101. 244. 71.
0100110111101. 111013. 011011 Nm. 243. 66.
10110011.ϋο13621116011101126. virgum h'n· 208 101 1. cingula 610116. 246. 99.

 

