’ gracilis. 011209. 8.

Iade-v.

1101015150 eduin. 1111011. 210. 301 Limnen. 111111350100010·
1101111011. Nm. 209. 19. 111101οτ0101. 001101
tumescens. 81100. 209. 22. lacryma Jobi. 001110. 9 105 Coix 1.
1010011001ίὶ01. 81100. 209. 20. 1101101101. 91000.
111101ωοί011. R. S. 208. 1. 11010111 Nm. 359 sub 9·
01011101. 11111208. 0.
000110οε0111. Line. 208. 2.
00511 Nm. 210. 25.
0100001011. 8111111208. 7.
diformis. 11. 8. 209. 18.

fastigiata. 111000. 359 105 8.
laxa. Nees. 358 sub 1.
10110111. 110. 339.
1111011. 1111101140. 10.
1111011. 1111511. 340 10511.
asperum. Hort. 840 sub 9.
311101110οω. 3101111. 340. 18.
1100111110οη1. 1111011340. 2.
5110010001. 11111340. 4.
1101011111. 1111111. 341. 23.
1101111011. 811101. 340. 13.
complanatum. 8111100. 310. 9.
111100ῐί1100. 0. Koch. 340. 7.
distachyum. 110. 341. 21.
001010. C. 11011340. 3.
elegans. 811110. 341. 22.
gracile. Parlat. 340. 20.
gracile. 1211111011. 340105 17.
lepturoides. 110111. 431 10 302.
11011011. 8001111. 310. 11.
10110010. 11001011. 340. 10.
multiflorum. 10111. 340. 5.
multiflorum. 0011. 340105 0.
perenne. 110. 340. 1.
persicum. 30111. 340. 12.
remotum. C. 11011. 340101) 10.
rigidum. 0000. (111 L. strictum
Presl. 21.)
robustum. 11115111. 340 sub 15.
scabrum. Pml. 34019.
0150111001. 1311110340. 8.
temulentum. 1111 340. 17.
tenue. 110. 3401051.
Lophathemm. 310010. 300.
dubium. 8111111300. 0.
1111001. 211101010130030111151.
gracile. 11100911. 300. 1.
0100011001. 8111111. 300. 2.
1111101001. 811011. 300. 5.
multiflorum. 3111111. 300. 1.
0110101100. 3000421. 3⁶·
Lophochlaena. Nm. 288.
1101010111. Nees. 288. 1.
1001011101. 8111111.
paradoxa. 3111111. 294 sub 23.
1005111011. 11110110. 112.
010115011011011. 1310110.) 112. 1.
· 10001111, 1101111. 238.
barbata. A. 310011. 238 105 Tri·

gracilis. 1010111. 213 sub 10.
010001οΙ00111. 51111210. 33.
hin& (811110.) 209. 21.
humilis. Nm. 210. 21.
1100100101. 11110111. 210. 32.
0101111. 1110111. 210. 24.
mucronata. 11110111. 209. 15.
001111. 311110. 208. 3. ¹
0101101011. 1110111. 62 sub 353.
0111011000. 295105 8.
0111111011. 11110111. 210. 28 11 413
sub Pterygostachyum 1.
0010110010. 81100. 209. 16.
0011111500 1111011. 313105161.
procera. Nm. 209. 9.
racemosa. Κ110111. 210. 31.
110511. Nees. 209. 10.
1111111 1101101301 105 2.
10501οἰ1111 11111210. 35.
tenerrima 11. S. 209. 11.
umquem. 15111208. 5.
unissaw 11011111. 209. 19.
0016011. Τ 110. 213 105 14.
vaticinata. 1100111210. 29.
virgata. 1110110. 208. 1.
virgata. 1101111. 2081115 3.
1110511101. 11111209. 14.
1001010110ῶοοι 1811133.
lanatum. Nece. 34. 1.
noue. Nm. 34. 2.
obtusum. 811011. 34. 3.
[1010150010. 1110111. 414.
11010001. 1100111114. 1.
lamp-is. 31100. 357.
1101111111. 811111. 358. 1.
51010101. 11. 1110100. 357.
1111011101. 81100. 357. 9.
1100010010. 810110. 357. 5.
compressus. (seond.) 357. 3.
diformis. Trin. 357. 2.
incurvatus. 71111 357. 1.
0101101100. Nuce. 357. 10.
pannonicum 11101111. 357. 0.
persicus. 110111. 430. 04·
1101010111110111357. 11. elegans. 1101111. 238. 1.
repens. 11. Br. 357. 8. 1111111511. 1111111. 238. 2.
Boxburghianus. (111011.)357. 7. 101110. 1110111. 413.
simplex. 1111011357. 12. 1111111. Schmidt. 414. 8.
1051111101. Κο011. 357. 1. gracilis. 1111015. 413. 1.
11010001 11005. 280. 1000110500. (8111111.) 414. 4.
0511111 11015. 280. 1. , 110010010101. (811110.) 413. 2.
11511111 110110. major. 11011111. 414. 3.
1101101001. 111100. 319 sub 18.
llum 1110. 153.
01101101 Tria. 153. 2.
011111 1110 421. add. 10 153.
81111111. Τ 1111. 1531. violacea. (811110.) 414. 0.
unum Richard. . 1011011. 1111. 5.
0100101.Ρο1.214105801111018. 10101101. H. B. 51111.

stachyn 7.

plumbea. (811110.) 414. 5.
8110100111. 1311001414. 7 0110 est
enimAndropogon 010111110111383,

240.

110

1011011011011101..7111. 5. 1.
Lycums. 110015. 1100ρὶ. 147.
010111101οε1. Η. Β. 147. 1.
0111101011. 11. B. 147. 2.
1101010. 1111. 15.
spartum. 110. 16. 1.

M.

1110015110. 81100.
11115111100011. 311110. 405 sub 3111

eura 1.
1110015101. 101011. 132105800119.
511111οο00. 31105.

obtusus. 111105 101115 Phalaris 3.
11111011111110. 1101111.

1511110111. 11011111. 203 sub 01110111 1.
11111111. Pardus. 152.

01111111. Parlat. 152. 1. ,
1111111111. 8111111110, 24105 109.
1110151000. 11110111.

1111001011. 1100111. 3 105 12.

0111101111. 1110111. 8105 14.
1110000101. 31110. 359.

11110011. 81100. 359. 1.

5110110111. 110. 363.

granulatim 3110111. 363. 1.

51111101. 110. 363. 2.

polystacbya. 300110. 363 sub 1.
11εο1101501. stand 237.

1111111οο1101. 8111111. 237. 1.
11οο1111001. 1110110. vid. 1110111111.
5111100110111111. Nm. 218.

1101111101. Nm. 218. 1.

1100111111. Neu. 218. 2.

1111111. 110. 288.

11111. Ν111. 290. 20.

altissima. 110. 291. 11.

arrecta. 1111011. 291. 50.

aspera. Deos. 291 sub 17.

1011011111. Dav. 290. 22.

11115111. 11100. 202. (nomen.)

Bauhini. 1111. 289. 13.

1110111111. 01111. 289. nub 15.

51100011. Βο111. 288. 5.

1011101010. 811100 289. 19. ·

capillatis. 11111101. 292. 53.

11111101. 1111111. 292. 51.

0101111111. Ρ1111. 291. 39.

einata. 110. 288. 1.

10110111. 110. 292 sub 11011011 1.

colpodioides. 11111291. 38.

600101111οηί. 1111290. 32.

commutata. 811011. 290. 29.

1111111. Boiu. 427. 71·

6001010101. 289. 15 1110511. ·

cyrenaica. Vivian. 292. 55.

decumbens. 7111105289. 19.

dendroides. Lehm. 289. 20.

0110011. 11111111 105203.

0111011. Ρο111. 291. 12.

01011111. 11015. 207 sub 10.

1110011111. Boiu. 427. 11⁶·

exasperata. 11. S. 290. 33.

salx. 110. 203 sub 1111010101 1.

1100101011. 111110. 292. (000110.)

flava. 11111290. 91.

011511. seond 290. 30.

011510. 0111111. 291 105 40.

0110110101. 8111111289. 10.

00111101 Tarm. 28310. ἰ

 

