41411

941
> 1199919 11111111111111111. 11999919111111. 11911191 91919111. 11111. 69. 99.
comm 6111911. 299. 99. 19119491. Pana. 199. 111191 191 991991991199 611114 69. 71.
congrua. Lrjm 299 19192. 27 9911991. 411119 62. 41.

ῑ 111911199111119119. 11119οέ119111. prum 911111 1111.

nummi. 11111111. 292. 19.
donamina. Lr'obn. 291. 19.

ῗ elegans. Wau. 9111111. 292191 22.

1191919991. (19114. 290. 1.
rantur. 11119290. 9.

gixtum 9119. 291. 12.
3199191919999. 291. 9.

³. 91991119 Dm. 29219919.

graeca. 14111111. 299. 95.
1199111. Dm. 299 199 1.

ἱ hypocrates. 11 Br. 299. 99.

1919119919. Dm. 294 191 47.

· 1991949919. 611114 291. 11.

ξ raet... 111111. 199. 19.

‚ 199119 111111199211121.

1991919191. 1111911. 291. 14.

· latifolia„ 4419111. 291. 15.

19199. 9111. 299. 29.
9991911919 619114 294. 41.

⁴ 91911199. Dorv- 292. 29.
919199919199. 11119291. 9.
9191114919. 11911911. 299 19992.
3 neglecta. 11111111 291. 19.
“ 1119119991. 11119299 19192.

9111111. Lacu. 292 199 19.
91199. Dm. 292. 25.
99491919 E. Moy. 299 199 99.
ᾗ 99191919 611114 294. 91.
9911119999 91111. 299. 99.
9991991919. Dour. 291. 99.
9911111919. 9119291. 9.

99πί49146191.9911.9911.291.19.

91499991999 Β “ ,292 24.
9141111911. Deo. ..17.

, 99111991. 91111294 49.

91919. 11911. 11111. 292. 29.
911919 111114. 291 1999.

9991199191. 1111146121.
9199199111. 99114111. 69. 79.
9199999191411. 619114 69. 79.
9119911969. 1111169. 99.
1119199919. 611911. 61 19919.
99919991. 111111 69. 42.
ammanium 1111119 99. 9..
ammanium. 1191111. 62 191 99.
991999 611191. 69. 49.

194191. 111114 69. 74.

1111119111. Ν111. 47 191519.
9199111999 611114. 917. 924
919919119991111. 11991. 69. 91.
1199199191. 6111911. 61. 22.
1919911919 1191111. 62 191 99.
99191191. 69114 62 99.

99999911. 9111114 69. 49.
9991119111 Vari. 99. 2.

999119191. 611114 60. 9.
9191919191. 99199. 19199141.
9919191111. 11191169. 9.

9991199111. 611194 61. 24.
9991911919199191. 61194 64 91.
9991911111. Π. B. 62 99.
mmssfflffiffl
19999999 Meyer. 64. 92.
911199ιέ499. 611. 69. 52 91917111
911114114ιώ999 6111149979.
9991111991. 17911 61. 29.
4999999111111.11 Br. 66. 97.
4119191. Ν111. 49199529.
1111999991. 14111111. 62. 999119191.
9199999411. 611114 916. 391·
919191. 1111. 60. 9916219199.
6111911919 691. 60. 9.

119191. Η. Β. 60. 14 91 69 191 49.

99919991. 11111. 69. 47.
99919991. 1191111. 66 191 99.
9911149191. Nm. 66. 99.
9919191. 611194. 60. 11.
99999191. 11911. 69 191 79.
philippensis. 611114. 66. 92.
9111191411. Ν111. 62 99.

pictur. Ν111. 61. 29.

9191111999 611114 62. 99. ·
Poeppigirnur 14111111. 64. 99.
ramim Ν111. 60. 12.
99119191991111. 69. 99.
9919999991 61911479. 99.
procem 611194 60. 10.
91991191. nior. 66199 91.
99199991. 11111. 64. 99.

Pulla 6111146699.

ffi' 119111 egi 7'29
1991191199911. 411991. 69. 44.
retrotractus. (1911111. 69. 99.
91911141 61194 66. 91.

991491. 691. 69. 49.

11991191. 691194. 41 191459.
111191. Η. B. 64. 99.

199111. R. Br. 66. 99.

6111199911. 691111. 62. 92.
6199969999. 1191961. 19.
191911991999191. 611114 916. 38⁶·
1199119999 611194. Ν111. 61. 21.
1919999949 61111469. 97.
Tomi. 111169. 97.
1199191111. 611194. 41 191 419.
tribrachium. 1119111 62. 40.
9119199191. 611114 917. 491.
9119199191. 6111114 Ν111. 61. 21.
9911119191. 9111. 69. 17.

91991911. E. 1119. 290. 4.
99199199. 11191. 291. 91.
9919999191911191. 61111292 22.
19119911. Deru. 294. 47.

. 191111191. 111111. 299. 2.

ἶ 19141119. 911. 291. 17.

’ 1911919. Dav. 299. 49.
1199991994 (6111141299. 42.
19411119. Der. 20919991.

1111919 11111111. 294 19199.

11191111. 91111299. 9.

1111999191. 11119111 294 99.

991199199111119129219917. ,
11991919 14619199. 247.

1919119. R 61. 248. 2.

1111911119 11. Br. 247. 1.

19991911419111. 611114. 249. 9.
1991919911. 619114. 199. longua. 6111114. 1119961. 19.

41994919. 611114. 1901. 199991. 11111111. 62. 94. 1191919111. 611194. 199 rub 11149911.

Π· maman& rrffifbfrff'rffm

1191191999 11111. 196. 9191119991. 611114 64. 99. 9191919191. 611194 121. 2.

19119919. Nm. 196. 2. 1119191199 11111111. 47191999. 1141919 11111. 129 191 27.

1911191411. van. 1961. 9191991911191. 11111. 66. 94. 11914919. Nm. 12119.
11ιὸωᾷὼῖοὲαῶ 6ἷὶ11941199. 9911999191. 11111929 191999. 1111919919 1111112114.

11 . . . .

1911919919. 611194. Ν111. 6111111. 991119199911. 611114 69. 49. 14111411Μᾶ4441126211.
171 19199. 9191199111. 611114 69. 79.

1111119911. 1111199111191119. 1111919111 99111 91. 91. mmmmm

19119111ιί991. 611114. 69. 79.
91991111. 111111. 99. 1.

nunni. 11111. 69. 19.
1111911199. 14111111 66 199 94.
1199111111911. walp. 62 191 99.

99149191. (619114) 64. 99.
191911999 Salen. 49 191 499.
1191114ιί9991. 11111111. 69. 19.
1199199919119919. 9119991. 11.
9119949199. Dm. ³OE 1111 179.
Mamurra 11911. 6111119. 166 199
2. 9919.
1199111119. Haase&
191111. Heus. 199 199 1.
119919 Harl. 18911119.
1191999 41191. 269.
11911111 Soron. 9141 2911. 1.
49911111. 111119. 299191 2.
4911911111. 41191. 299 199 1.
4911911111. 611. 290 199 2.
1111191111 6111119111. 291). 1.
6111911999. 11111111 290. 4.
1911411111. 611911. M 2901 9.

1991919119 Η. B. 62. 97.
19919191. 11111111 64. 99.
11911191ὶί9991. 11111111. 69. 79.
6991119991. 91114111. 69. 72.
191119919ίά91. 61194 60. 4.
1991199191. 11. 6. 60. 19.
191119 R Br. 66. 99.

191111. Η. B. 60 199 19.
1911191191. 691194 64. 94.
11919911911499 611114 917. 941·
1111919111. 111991. 61. 27.
bagoariam. 111919 69. 49.

11911111. Π. Β. 64. 99 11 199 59.

 

