. 666. 766

hoff 1666616. Sem. 171. Effigiem mags. 27³. 117. waffnffioezfflm 11.
um 77611. 7666. 272. 125. eximin. 671617. 279. 234. mutunensis. 611113. 264. 9.
suammet. 7166111267. 59. expansa„ 71167. 277. 194. *1666166616 776717. 267. 56.
*movim 17617268. 69. 711676616111. 71711. 270. 97. 6675666111. saud. 426. 497·
6116171661. Nm. 271 166 118. 1667161666. suad. 278. 213. ’6161111616 17665. 266. 59.
θ116166111. 11. Β. 274. 154. 'ferruginem 17111116. 266. 65. 661666666ιί6. Nm. 272. 127.
6676661661166. 1711166269. 93. 6177616111. 7161271 166 141- 6666666641. 71667117. 264166 9.
16166. 6761177. 267. 68. 9171616116 Nm. 271 166114. 6617167461. 7176. 266 41.
’mimia 6671617276192. 61279 firma. 7176 277. 197. 1766177. 7176 276. 189.

tub 222. · flavescens. Ρ1117. 277. 296. 61616 Nm. 267. 58.
1116616. 71176. 277. 199. 'flexum 17666. 266. 51. *nigrim* Η. Β. 274. 169.
66616171. 6761177 269 ,166 91. 91761166671. 6671677. 275. 176. 6117116. 1765. 270. 98.

*16166661 1611171616. 16111. 611166. 171771. 1116666616.
6166161. Nm 272124. *gangem 17665. 256. 54. 1761111Ιί6111. (871611) 275. 138.
*um vau. 264. 7761111117. genscum 6161666161. 16166. 1111116111.
’biforan Kmu. 269. 87. 066617. 6761177. 272. 133. 6176611111. 7176. 267 . 62.
8671167. 6711117. 426. 119 9· gigantes. 71711. 278166229. 61766. 11617117. 268. 73.
'Eurym- 7767777. 272. 131. glabram Nm. 271. 112. panamensis. 6671766167.
6111111666. Nm. 27 5 166 175. glutem. 7176. 276. 186. 66676161616116 Δ. Bruma 268. 77.
matha Nm. 272. 128. *glutinum 6166111. 278. 217. 6661661761. (sema.) 272. 211.
&uiuentis Ν171.2641662961276 gracilis. 6171167. 27 5. 163. *panicum 17665. 266. 53.

6611183192. 6661611166. Nm. 271. 111. 6611661617. 6. 269. 6.

’1176677166 ua. 270. 199. 11166161. Pau. 278. 299. 91111179616. tt 31. 272. 122.
7176611161. 6671171273166 138. 6166166166. 71711. 265. 35. panuh. 6711111277. 297.
bonoim VaN. 276. 188. 1111116111. 6171177. 265. 34. ’6611666116 17. Β. 274. 151.
’Brona 11116771. 279. 222. *hirsuta 7176716. 273. 135. et 27 8 166 *patula 71. Β. 274. 158.
mulium 6711177267. 67. 215. 6661166661. 7176111272. 192.
cmm„ 7176. 276. 191. 1166611611617. 676677. 268. 79. *pellucidum 17. Br. 27 9. 232.
6661779717. 1. 181117997976. 1719777779·
*apium 1711. 273. 197. *jamnica 7716117. 266. 49. 61 279 Petenti. 7776. 280. 242.
6661161666. Nm. 271. 121. 166 224. 61426166404· 61177616. 6171171. 278. 215.
eadm. 17666264. 16. sardiani. 6711177. 269. 89. 96116161676. 269. 1.

'cornu 7777711. 266. 49. imbecilla. 17. Β1.279. 237. 6116116166 1761. 280. 245.
66661666]116.Τ(6711ἓιξ.ἐ 270911 229. 16616ᾖ11666 Nm. 275 166174. 179. 61166. 7171661270. 129ἱίλ 108
6111666166 rm. . . . 6111666111. 671. .
(2666171617. 1711677. 271. 119. *indiam 7777771 264. 19. *glumam Bm. 266. 39.
6117166111. 176171. 275. 164. *infirm H. Β. 274. 152. 6616611161. 91666. 268. 3.
1616666161. sem 271. 118. interrupta„ 77. Br. 279. 226. 6636676. (6161177.) 267 . 66.
*6171111776 265. 39 61166 33. 1111661317. Ν661.266. 46. ’6611661666 7977717. 265. 26.
’6711616 17666. 265. 32. 1661616177. (676677.) 269. 84. 6616111666 Nm. 275. 179.
dunolmia. 6111671 280. 244. 1666616 Nm. 272. 139. poros& Nm. 271. 119.
ongum. 6761171273. 144. 1666167561. Ρ1117. 263. 4. *procem 77664. 266. 45.

6611166. 71711 284. 8. 16666667666.Ν111.271. 129. ρ1666616661.Ν161.270. 192.

’66661616 sulm 275. 177. lepidst. 1166117. 269. 82. prolum. 61116171. 278. 218.
nupt& 177111. 27 7. 195. 1661766117. 6771117269. 86. propinqum 6761171271. 199.
‘eandm 17. Br. 27 9. 228. 1661661116. 71711 27 6. 185. 6166661761. 71176. 274. 157.
6164661616 (67611711278. 214. ’1666166116 7761279. 229. 66661611. 6761177. 268. 72.
'mm 1177. 274. 148. 1767661666. 6761171278. 299. 71166616661. 77. 171. 279. 235.
6666616117166266. 29. 176117. mmm. 273. 146. 6616116111. 1711767. 269. 99.
maistam 77161. 717616. 277199. 166616. 71711 269. 95. 61 272 166 ’66661616 17626417.
'madelinu- 17676. 264. 14. 139. ’purpuranum 17114. 6116276166.
mn 77611. Am. 264. 13. 166361677611. 677677. 272. 134. 86111177. 6671677. 275 166 175.
6116176ςί7. 6761111266. 52. 1663716176 7166711268. 76. 1167166111, 7176. 277. 292.
6616616. Nm. 271. 115. lugens. 77671. 27 5. 169. ’16666616 776115. 271. 198.
'cynnama 9618. 267. 64. 161776 Ρ1717. 277. 295. 716617166116711. 274. 147.
'quamnim Nm. 264. 15. 1616676611. 67663. 266. 44. 1666666661. 87163. 268. 81.
’71867666 17. 171. 279. 236. ’616611661617761 268. 74. 1161116 7711126529.
mmm. 717. 11.(1161616111166171111. 1666161 11611.
’7166416 17. Br. 279. 227. 66166116112681663. *rubeum 16111 265. 28. 61 269 166
71611666(51168)266. 48. 6663676666. 7166117265. 31. 79.

&medemn- 7776. 280. 241. 11661161. 6711117 272. 129. 1667316616. 7176 269. 94.
4767666667461. 6771177. 268. 78. *mypuremim 11. Β. 276. 179. ’16661677611266 33.

‘haimim 1611176117). 961636661766166. 661. 275. 167. 6611616667. suad. 277 . 198.

oham Nm. 275. 175. 91161617661. 17111711 27 6. 189. *mentm 77111116. 270. 197.

’1116661616 7761171. 266. 49. 966116166. 169616. 275. 168. ’1667766171 667166 277. 299.
'doum 16626429. ’6766166616 111171. 27 5. 171. 1616166166 77116270. 193.
mephat-⁸. 6711177 280. 243. 1611765616 6711172671. 36. 1676666101. 7176 276199.
qum» 7616 278. 239. 71111661. 16111267. 63. mundo„ 77116264. 11.

m0m . 17

 

