18188.

437

8889898818988988818118811396. 1818898988 giganteus. 888181. 386. 1811898988 18188118. Nm. 378. 182.
919281188878887. 386. 287.
glaber. 11881. 392. 353.
91818188. (81881.) 395. 109.
9181888888. 1188181. 374. 124.

1181888 send. 372. 187.
1181888 anm. 384 881 257.
1118888. 81881 371. 83.
1181818188. 81881 383. 368.
1818888881. 389. 317.
11918188. 1188181. 381 881227.
dissimum. 111818. 366. 32.
dissolutum Nm. 381. 224.
dimisum. 81881. 370. 77⁶·

· melma. 118 372. 99.

18888 11888387. 298.
Bouianum 118811. 369. 73.
1118988888. Nm. 384 881 265.
0188888111. (sm) 393. 381.
18111888. (81881) 394. 391.
181188. 88811. 364881 6.
88118888 118988. 382. 241.
8118818188. (81881.) 397. 426.
818188 (81881) 376. 145.
dogm 089. 364. 11.
elegantissimus„ 81881. 365. 12.
1918891918. 81881. 378. 186.
81918888. 8818818. 372. 97.
81918888. mm 386 sub 288.
1888881988. 118881. 372. 96.
8918881888. 81881 391. 341.
1888188111. (81881) 875. 137.
18888818 1118. 372. 98.
memus. Nm. 390. 331.
onium. 11 Br. 385. 273.
numus. Η88181. 388. 308.
811181188181. 883. 250.
mnus. 818811 36688126.
1818888. (81881.) 369. 64.
1888118118 81881 385. 277.
1881881818. 11881. 392. 354.
animm. (81881) 382 229.
1111918188. Sanam. 370. 74.
1888918888. 888181. 377 881 169.
1888881188. Pml. 394. 388.
11118188 (sem) 374. 126.
11188818. 11881. 872. 104.
1119881811888. 1188181. 389. 318.
finitimus. 1188181. 385. 275.
mm 81881. 370. 78.
1888. (118811.) 367. 38.
1118018888. 11881. 399. 447.
18881188. 11181. 367. 40.
18888888 Pml. 378. 180. ·
188888. 11888388. 310.
18888888 Salam 390 881328.
181188 stim 366 28.

1118188 818811. 389. 313.
1888818188. 18111866. 31.
nunninus. 1188181. 384. 256.
milit 11. Br. 384. 254.
1111118118. stin. 391. 346.
1818188888. 888111. 384. 263.
1118189188. 81881.. 379. 191.
mm 898. 389. 440.

hum. 1111189. 881881. 379. 192.
hem. 11881. 396. 417.
9818888888. 818811. 371. 90.
primnis. (8188119379. 189.
(inmun. 1181811372. 103.
geniculum (81881) 376. 158.
911188. (8188111376. 148.
3118118. Home. 387. 299.

9181888888. 1188181. 387. 293.
glauconem. H. 11377. 170.
9188889818. 81881. 397. 429.
glaucus. 1111189. 389. 322.
glaucus. Rm. 404 881 9.
glaucus. Tm. 392 sub 357.
(18888911. 81881. 388 881 306.
(1811118188. (81881.) 375. 141.
gneius. 891. 399. 448.
grandis. 11888. 399. 458.

68898. 81881 119 sub 088981.
(1888188111. 8818188315. 13.
equus. 88 398. 482.
9818888818. 81883 382. 231.
9818888818. 81881. 371. 88.
11888111. Prae. 394. 387.
1818988818 81111. 394. 364.
hamulum. 17888. 388. 300.
1818881188. 818811 370. 77.
1888811188. Nm. 389. 314.
1888888198. (818811.) 380. 208.
11881898ηεὶ8. (818811377. 168.
hirsutus. 11. Β. 378 184.
hirsutus. 118988. 115 sub 14.
1181118888. 118811. 365. 18.
hirtus. 118 384. 261.
118911188888. (81881.) 367. 41.
1188181888τί. 81881. 384. 257.
1181888818τὶ. 1188111. 868. 47.
1181881188. 118811. 334. 394.
11881811118888. (8188111392. 356.
humilis. 1188181. 383. 108.
humilis. Wyht. 388 sub 304.
jamniam. (81881.) 398. 120.
imberbis. (81881) 375. 142.
importunus. (81881.) 382. 234.
incertus. (8188111375. 143.
1888891888. 11881. 394. 389.
increscens. (81881.) 396. 418.
incurvatus. 11818. 381. 219.
incurvatus. 888819. 381 881220.
inermis. 81881. 390. 330.
infirmus. 81881. 369. 68.
insculptus. 1188181. 380. 205.
insularis. 188. 97 881 805.
intermedius. 11. Br. 392. 362.
intonsus. Ν888. 389. 115.
inundatus. Ferd„ 111171. 392. 363.
involutus. 81881. 393. 117.
1881188888. 118379, 194.
1881888888. 11881. 380. 200.
1818881188881881367. 44.
(8881181188. 1188ιί11. 399. 452.
1888881888 11881. 388. 306.
11888196. 81881. 381. 220.
1888888198 81881376. 152.
1888881881 8. 1118. 380. 211.
1898881188. 88. 390. 333.
lanatus. 11 88. 385. 272.
lanceolam. 11881. 381. 215.
1888118188 1118. 382. 237.
1881988 11881386. 288.
1888918888. H. 11378. 177.
1888181888. 811811 383. 247.

18111888. (81881.) 364. 10.
1811181188. (81881.) 382. 232.
latifolia. 118111. 382 881 237.
18811888. 81881. 380. 209.
laxus. 111111. 891. 348.
laxus. 11881. 391 sub 349.
lepidus. 11888389. 316.
1891881188. 818811 891. 342,
1891888888. Prin. 366. 25.
1898919088 1118 365. 24.
189188. (81881.) 397. 428.
1891881881988. 118811. 384. 255.
1888898988. Nm. 391. 335.
loncostachyus. H. Β. 370. 81.
Lhotskyi. 81881 384. 253.
1188118888. 81881 367. 45.
11981888. 118811. 381. 225.
11818811. 81881. 389. 319.
lineatus. 818811. 369. 71.
1111891888. 1118873110.
1811881888 (81881) 375. 136.
1881818888. 81881. 383. 252.
mmor. 81881. 371. 93.
Haemi. 81881. 377. 160.
8888918888. (stand.) 368. 60.
8888811118. 1118378. 181.
8188188888. 111818. 389. 320.
8888891918. 1188181. 372. 106.
888888881988. Pml. 365. 20.
8889188188. 81881 388 881306.
Marianum. (8188111382. 233.
Martini. 11881. 388. 309.
Martini. 111911. 389 sub 312.
medius. (8188111382. 228.
megoponmicm. 891. 399146.
8818888898. 611. 389. 321.
1189888888. (81883.) 375. 138.
micans. (8188111382. 239.
micmnthus. 118811· 396. 410.
8188919118. Tria. 382. 238.
8188888198. 1188111399. 456.
8811188888. 11881. 3928811351.
8111188818. 8811811392. 351.
minarum. 1181811397. 434. ·
minor. (81881.) 377. 162.
8888618188. 81881. 379. 196.
minutissimus. 118988. 119 sub ffi-
88118 3.
8811188888. 1188113711. 188.
8811188888. 11811. 1181. Par. 376
881152.
mollis. Κ8811. 368. 57.
8888881888. 11881. 368. 61.
monacham. 11181. 386. 281.
8888888198. (818811.) 369. 66.
88818888. 11881. 392. 352.
monticola. 881811. 395. 467.
1188181811. Η. Β. 363. 56 81 399
sub 446.
1411188181918888. 881811. 399. 451.
multicaulia. 81881. 383. 246.
8811888888. 1188181. 374. 121.
muralis. Hmnilt. 11811 382 181237.
muricum. 11811. 394. 393.
murinus. (8188111377. 165.
mutiens. (81881.) 374. 128.
11988888. Pmt. 36119.
88818188. Nm. 388. 311.
88181188 anm. 3811881367. 368.

 

