55155. 453

3555515515 55515555 a. 35. 359. 7. 1151555515155. 7511 895 555 398. Hordeum aecaiiuum. 1115 25255510.
augea& Ketia 359. 12. odoi-atat. hin. ,455 14555 12. 815555155555. 347 555 855515 6.

ueniamus. 855511 317. pallidae. 11. Br. 396 555 412. spontaneum. 6. Koch. 351. 6.
hecatem. 81555. ala 1. 5555115555. 11. Br. 396 555 410. 515555155555. 6511555. 353. 38.

1155555515511555. 1155551. 201. 55555555. Li... 364 555 4. strictum. 0551352555 11.
5111155555. Bochai. 201. 1. plumeam. 11. Br. 392 555 364. vaginatum. C. Koch. 252. 18.

maelmin. 155511. 403. repens. 11551. 13 555 3. villosum. Bertol. 252. 8.
mmm· 451551. 403. I. Reateri. 115155. 15. 9. violaceum. Beauv. 352. 12.

Hammon. Pera. uid. andrepogou rigidus. 1155151. 15. 6. vulgare. 115. 351. 1.

367· 58- 55615555. 175555. 395 555 397. 55551555. 155351. 7.
mutuatae au. 367 555 36. setiger. 11555. 15. 5. , Hydrochioa Beuuv.

hirsutae. Pm. 367 55537. Sorghum. 155 393 555 375. 551511555515. 35555. 4 555 netre-

Reyiei. 11555. 367555 43. 85555555. Μίῳ. 394 555 383. pyrum 2.

51115555. Neea. 372 555 94. tenuia. Tria. 15 555 2. , 85355555551151. 4.
Emmatega 11555. 5555151155. 15555 4. esculentum. 1151. 4. 1.

1555115115. 11555. 216 555 13. tuberosus. 851555 15555 1. fluitans. 115511. 4. 2.
0555555555. Praei 12. 115115551115. 11551. Hygrurrhiau. Neue. 4.

5555555155511551. 12. 1. 515155555511515. Book. 112 55515- arietata. Nece. 4. 1.

1555555155. 35555. 13. phulepia 1. Hymeuachue. Beuuv. 101.
Spin& R· S· 14. 13. 1151555555. 815511. 118. 5551551555115. Nece. 102. 5.
altissima. 815511. 13. 5. philippicum. 815511. 118. 1. 8515151555. 815551. 419 555 71·
5555555155. 11. Br. 14. 7. Helegamium. 11555. 370. 5. 8. campestria. Neea. 101. 2.
5551155. Pmt. 13555 3. Homoeatherum. Nm. 411. 1551511115. Neea. 101. 1.
maria 815511 416. 51· v 55155555.11555.412.1. interrupta. 815511. 101. 3.
5555511115. it S. 14. 12. Hordeum. 115. 351. Myoaurua. Neea. 102. 6.
5555511511. S. 13. 3. . 555555555511. Β. 353. 33. 5155555. 115555. 101, 4.
85555515. 11555. fil. 14. 10. 1551515555. Ν555. 352555 9. 5551551555. Nm. 101. 6.
85555555 Tria 14. 6. audinum. 1115 353. 26. 55555 25. 855555555511551151.
dahuria. 1515. 13. 2. bifarium. 115111. 354. 39. uauehuoidea. 11551151. 111 555 Auta·
liu-egei. 111555. 14. 12. 55155555. Leia Η551.352. 11. phura 4.

35515515 Nm. 13 555 415515 2. capenae. 111555. 353. 22. Hypogyuium. Nm.

1153555511. S. 14. 8. 55115555. 1115555. 353. 31. apathiflumm. 11555. 370 555 00.

[15515. Pria. 13 5552. coeleste. 715555. 351 5551. 8555555155. 815511 35.

5155555155. 1155511. 14. 9. comosum. Praei. 353. 21. alopecuruidea. 81555. 35. 1.

dum-Beate. 1455512. comosum. 11555. 555 11. 5111. 353

1155510555. 11. 35. 14. 11. 555 28. 1

55555555. iiiia 13. 1. 5511555555. 815511. 353. 25. ⁸

Tange. 11555. 13 555 155515 3. 55151555. 815511. 351. 4. · Iarapha. 11515155.

1515111118· 1155111· 1³· 4· depauperatum. 815511. 353. 29. 1555. 11. 8. 12755535.

3115515. Hand· Boupl· 12. distichum. 115351. 3. 15551555. 8151111360.

55555551155. Η. B. 12. 1. divergeue. Neue. 353 555 27. 5555515155. 815511. 360. 2.
1555555555555. Ν555. 242. 1. 2. 555155555.(815511.) 353. 37. 5555555515. 81555. 360. 1.
daim Lt'n. 14. 1155555515. Nm. 353. 30. 1555555555. 115555. 93. Panicum etet

alpium. 8555515. 14555111555515155 1555115. Boias. 352. 13. 1117.

13· fragile. (1511555. 353 555 37. 5551551555. 115555. 94 555 766.

555555. seim 14555 5. geniculatum. Ait. 352 55520. imperate. 6551114115.
555551555155. 15. 3. glaucum. 815511. 352. 19. Many. 755515. 405. 6. et 407 555
55555. stand. 240 555 39. hexasticham. 155. 351. 2. 26.
555555555. seop. 235 55573. 51505555551111155. 352. 9. aruudiuacea. 6315111405. 1.
muitum. 115155. 15. 7. Hystrix. Roth. 352 555 20. condensata. 815511 431. 44·
tetrarum. 15555. 392555 365. 15151555. 15551. 352. 17. 5511551155. 115555. 405 555 1.
5111555511555. 15. 10. ithabureuee. 115155. 430. 34· 1111151111. Ν155. 405. 5.
hermeneumata. 395555405. leporinum. 1151. 352. 11. Koeuigii. 17555. 405. 4.

Capina. 15151. 394 555 385. macilentum. 815515 352. 15. 115551ςὶ1. 17511. 405 555 5.

455555. Petam. 15 5552. 5555515515. A. 115555, 351. 5. pedicellata. Steud. 4053.

055555 15551. 393 555 378. maritimum With. 252. 20. 1555555511. 115555. 405. 2.

11551551. 815511. 15. 4. maritimum. Roth. 252555 21. 1555515115. Tertor.

hagene thld. 14555 8. maritimum. 11. 1155 35255510. phalaroidea. 75555. 15 555 Beck·

151555 11. 115. 392555 361. 5551555115 252. 1615555518. mannia 1.

Gayauue. 35155. 15 555 4. 55551555511551. 35355523. 1555555. 11. 115. vid. Panicum p. 94.

[5551115555. 115155. 15. 8. mutieum. 1555135328. 8555. XV.

haiepeuaia. 1515 394 555 384. nodosum. bin. 352 555 10. 5555555 Nea. 96 555 793.

1555155. Leia 14. 1. perversum. 15551. 354. 40. australia. 11. Br. 94 555 769.

latua 115. 280 555 1151515 3. pilosum. 81555353. 23. 5115111515 Nece. 96555793.

1511151155 055555. 117 555 Cento· puhiflerum. 11551. fil. 353. 32. Javauica. 11555. 96 555 786.

theca 1. pratense. 115115. 352. 19. 1555516555. 8155. 95 555 190.
5551115. 115. 15. 2. pseudomuriuum. Topp. 35255516. 51115555. Roth. 96555 790.
15555555 11551. 11555514 et 116 55511155. Ν511. 353. 34. 1155511555. Ara. 97555 795.

111124· 11155111. 815511. 353. 35. prostrata. 11551. 35551. 95 555 782.

flumas. Ara. 393 555 380. 1151511. Lini. 252 21. 1151555115. Rota 90 555 791.

 

