910 Mn

1666611616666 h

6116669661. 8166170.15.
6161116111. 116716. 67 . 11. [1666616166 11111101. 283.
11161661111166661.

6616611 86666. 71. 53.
61661611 82 sub 31. [mom. 16666161 mab

611161 11162608. ¹

1611116116. 11 Dr. 267 ιδ SM·
661611.

1166161. 11161666. }

11166161 aar. w 1111 Sthe* ¹
166 3.

simplex. 11. Bt. 267 166816111-

166 5. 1

1611616161. 11666661.

1661116116 sensu. cumbum
16616 aar. 2671668661ώ1.

1666666661 Noa. 2
61611161. Nm. 2. 1.

1166616111 81116161. aa
0666661161. Surd- 218 7.
6161117131248. 1.

6661666161. 11. Br. 218. 6.
6661661611 Sic& 248 1165.
6161 Nm. 248. 4.

16111611 11111. 248 5.

1111611 11 Br. 248. 2.
1661611661 Nm. 248. 3.

6161611611 Nm. 68. 20. 113.
campestris. 861161 68. 25.
6161611. 116666. 66 166 1.
6616666611. 616111. 70. 53.
6111111. 11611111. 69. 39.
6611666661 1161601. 69. 34.

1111111 Nm. 177 166 119.

1166661176 11 191661 (111611
116611 61611. in 1111111 6161. 164
6616111 11 Br. 164 166 12.
1666666161. 11 31. 164 166 9.

6661116661. Nm.

0101666111. Nm. 268 166 47.

166116661616661. 260.

2166111661. 261. 1.

1661166666. 66611 167.
unguntum. 11 Br. 167. 15.
16661166. R Br. 168 25.
8666611666 Nm. 168 166 14.
Burmanni. 361. 1611664.
66166616. Nm. Ney. 168 35.
concavum. 11 nr. 167. 3.
confine. Nm. 168. 92.
congestum. 11 Br. 167. 11.

6611116. Nm. 167. 18. 1666666116. 11616.
6111161. 116511. 167. 4. 6661611691. 11616. 27116688.
66166161. 168. 16. 1616166. mmmm
6611161166. m 166 166 76616- 166666166616. ij.

1166661661. 1166611. 60 166 1. 111 2. 6166116161. ij. 186 166 31.

66166111 Satn. 68. 23. 66111166. 11 111. 167. 8. 1666616661. Nm. 266.

1666661611 1666. 60 1669.10. 1111666. babil. 168. 28. 66661661 Nm. 266. 1.

intermedio. 1181. 71. 57. fimbriatum. Nm. 168 24. 1166666161 Nm. 2166661111

16661661 Ν161.69.43. 166616618616897. 61666111. Nm. 78166 41.

1166611661. (81161.) 68. 18. 6111111661 16611. 167. 1. 1116666661 11 111666. 129.

6166666111. Rich. 8 166 58. gladiatam. 8166. 167 166 2.

Mum. 876111 69. 41. globosum. 16611 167. 17.

Martiana. 8111161. 68. 24. 6116116. 11 111. 168. 23.

6611666666Ν661. 67. 13.

1161111. 1166611. 70. 51.

6166666111 8166170. 47.

6166666116. Lim 68 16618.

6161666111. 81661 67. 14.

mamphula. 116. 67 . 9.

6611166161. 87661. 816. 271-

controversa. 8166117619.
cristata 1111616. 69. 36.
6111111. 11116. 70 16650.
cruciformis. 8161611 67. 13..
cruciformis. 11111116. 68 166 20.
6611611166Ν111. 68. 27.
6666166. 11111. 61 166 20.
166611 81661817. 31·

“ 1661611. 0667111. 70. 50.
elata. 8166170. 481·
elatior. Kanum. 69. 33.
61666111 11. Β. 67 . 8.
6166616116. 816111 106 166 1.
1111166111. 8166171. 60 166 5.
6661611161. 8161117652.
61161111 11111111. 68. 28.
gracilis 86116. 67 16617.
6166166667. 69 166 2.

argentea. 11 Br. m. 1.
11116611. Ilm. 130. 8.
glomerata. Nm. 129. 4.
61161111. Nm. 130 12.
laevigat& Nm. 129. 2.
61661116 Tm. 180. 9.
6616161 0116111 180. 10.
6166666111 M. 130. 11.
1116611161. 81661 180. 3.
8616166161. stud. 129. 5.

1611161166. 101116. 167 166 061661-
liora 1.

16616. 11 Bt. 167. 12.

1116116. 11111. 167. 3.

1166661101. 167. 13.

longitudinm. 16611. 167. 5.

Naeuii. 1161101. 168. 31.

6161 Ν611.67.12.
nervosa. 616611. 70. 13.
66161111. prat. 66. 5.
6161111 7661. 68. 22.
panim 116111. 13 166 47.
6616666111. 1711116991,
6616116111. 1161116. 69. 42.
6616116111 1166611. 70. 44.
666111. uim. 68. 19.
666116. 81663. (Flora.) 70166 52.
pungent. 11111 662.
166661. 861116. 67 . 3.
11611611. 87661. 71. 55.
1616611161. 761. 6821.
166111. Runa. 67 . 15.
1661661611. 7661. 69. 35.
16616616 91166. 68. 30.
111166. 8661611. Nm. 66. 3.
1666116116. 3116669. 31.
tenuissima. 8166111. 67 . 17.
6166611711 68. 23.
16661616. 8166611. 67 . 10.
umbellam. 11111. 61 16617.
11616111. Lam 67. 7.
11111111. anm. 71. 51.

6666661666. 816111. 168. 21.
1161166611ὶί. 8611163. 168 166 2.
scabrum. Nm. 168, 29.
816661. 1161116. 167. 2.
squamatum. 16611. 167. 13.

squamatum. 11 81. 167 166 14.

striatam. 11 Br. 168. 29.
tetragonum. 16611. 167. 19.
tetragonum. Nm. 168 166 31.
1611166666. 11. Br. 167. 7.
1666666666. Nm. 168. 22.
1666616. 861161. 168166 1.
6666611166Ν161. 168, 23.
66661166. Nm. 168 31.
ustulatum. 87661. 16710.
11161166. 1101. 167. 9.
1116166616. 816111. 168. 33.
16616611. 11166. 181. ’
66666111. 11166. 181. 1.
1666111661. 163.
61161111. Prae. 1681.
1661661661. 11 1116166 260.
61111161. R Br. 260. 1.
66661. 1766166160. 3.

efflatio. Nm. 260. 7.

8611611161 M. 129. 3.
1661661111. 1161116. 180. 7.
triceps. Nm. 190 166 7.

16616111. 1661116616.
1161611161.

11016611 249.
cinereo. 11 Br. 249. 1.

161611. 0666111. 290.

1111661. 01161. 291. 43.
albida. 0616. 292. 21.
1166666161. Dm. 294 166 48.
811611. 11616166. 298. 38.
1666616111. Poir. 296. 55.
6666111611 1111661. 294 166 42.
1166616 6111111292. 17.
arida. 81161. 298. 30.
1616111661. 81661294. 15.
6161161 11671. 29216622.
1116111161. 111166. 293. 27.
666111. 116611 296. 54.
8616616111. Nm. 291. 7.
6161611611. Gay. 294. 48.
6166611111 0616. 298. 32.
6111166111. Poir. 299. 28.
1161111111. 81663. 298. 34.
meino. 2. 116611. 291. 52.

 

