472

Index.

’1111111111 11111111. Nm. 92 111 7111111111 1111111111. 11. 8. 229. 09. 'Primum 1111111111 1111112611.

[1111111111 1111111. 93 111 747.
19111111. Nm. 93 111 749.
longinum. 1711111. 92 111 746.
71111111. Roth.
141111. Rom 196 111911197111
omnmo 11. 1111.
7611111111. 11111244. 1. 5.
’11111111181111 111 11111111.

1111111111. 81111. 2471115.

1111111111. 1111247 1115.
1111111. Nm.

brumensis. Nm. 248 111 01111111

virens. Nm. 248 111 18.

Trinium. 81111328.
911111111. 11113211.
flavescens. 811111. 328. 2.

7111111. 11. Brown. 249.

11111111 R. 8. 249. 7.

1111111111. Book. 11249. 9.

11111111. H. B. 24711101011114.

1111111111 81111. 247. 10.

1111111111. 11111249. 11.

31111111. 111111. 246 111 101.

(1111111. 8111195 111 (111111111-

rum 2.

11111111. 11. 91249. 6.

3113111111. Hook. 249. 8.

1111111111111. 11. Br. 249. 5.

pallida. 8111247 111 1111111111 6.

1111111111. 11. Β1. 249. 4.

procera. 11. Br. 249. 2.

1111111111. H. B. 217 111 1111111111 3.

pungens. 11. Br. 249. 1.

1111111111 8111112493.

11111111111111 Neu. 249. 12.

1111111. 11. 8. 249 111 1.

’111ρί1111. 31111. 217.

1111111111. 31111. 217. 1.
Tn'pogon. 11111. 301.

1111011111. Nm. 2.

1111111111. 17111. 301. 1 11 1119.

1111111111. 11111301. 4.

0111111111. 191911. 1113015.

1111111, 1111111. 301. 9.

minimus. 1711111. 301. 3.

111111111111. Nm. 301. 8.

11111111111. Nm. 301. 0.

1111111111. Nm. 301. 7111119.
1111111111. 1111. 362

cylindricum. 111111. 383. 3.

1111110111. 111. 362. 1.

fasciculam. 2111. 3631111111).

hermaphroditum. 1111111 11111·

11111111.

monomchyum. 1111111. 362. 2.

1111111111. wau. 111. 363 (nomon).
2111111111. R. 311111139.

11111111. 1111243111 60.

11111116. Br. 199. 2.

pumilio. R 111. 199. 3.

pungens. 11 Br. 199. 1.

’1111111111 111111.

11111111. Delii. 277 111 31.
1111110111. 7111112311111131119.
mom. 11111224.

1111110111. (81111.) 226. 18.

1111111111. staua 229. 63.

11111111. 81111. Μ. 23.
audinum. 31111. 228 53.
111111111111111. Suu& 228. 46.
anomalum. 81111. 424. 654·
antarcticum. Nm. Μ. 41.
1111111.Ν111.225. 4.
barbatum. 81111. 228. 58.
barbatum. Nm. 227. 40.
1111111111. Prin. 229. 61.
81111οηί1111. 1111111. 220 11128.
31111ωυί1111. 81110. (olim) 220
11124.
1111111Ιί111. R. S. 226. 17.
undulatam. Tria. 229. 00.
camillani& 11111 225. 14.
cernuum. 71111 228. 48.
111111111111. (611111.) 225. 12.
condensatum. Ρ1111.225. 10.
11111111. Boiu. Μ. 30.
Deyeuxioidot. Kunth. 228. 57.
1111111111. (3111111227. 40.
91111111. Boiu. 225. 15.
elongatum. 1)οὲ11228. 55.
1111111111. 81111. 226. 22.
1111111111. 41111 leon. 225 1113.
1111.
fraudulentum. 61111. 424. 571·
monianum. 81111225. 8.
glaciale. Boiu. 225. 2.
glomeratum. 71111 229. 67.
1111111111. 81111424. 31⁶·
Gmelinl. 1111. 226. 27.
gracile. Parlat. 424. 264-
31111111111111. 31111. Μ. 50.
heteronymum. 81118. 229. 64.
1111111111. (8111111228. 47.
hirtum. 1111. 229. 59.
1111111. Ν111.228111 47.
imberba. Nm. 228. 43.
111111111111. 311111. Μ. 49.
111111111111. 1111111. 227. 37.
leoninum. Steud. 228. 42.
Loefflingianum. 111111. 225. 13.
longemanum. 11111. 245 111 79.
1111011111. Ν111.228. 44.
luteum. Pm. 229. 66.
11111111111111. Boiu. 424. 312·
1111111111111. 81110. 424. 651·
malacophyllum. 8111111229. 63.
melitense. 81111. 225. 6.
1111111111. 11. 6. 225. 9.
molle. Kaneb. 228. 52.
11111111. Jn‘n. 225. 5.
myrianthum. (811111) 226. 19.
nanum. Nm. Μ. 35.
1111111. 1111111.1 227. 39.
neglectum. R. 8. 225. 11.
neglectum. Pml. 225 111 10.
nitidum. Pm. 227. 30.
1111111111. Boiu. 424. 1811
ovatum. Ρ111.224. 1.
palustre. Tm. 228. 51.
1111111111. 1111221. 7. ·
11111111111111. Spr. 287 111111·
1111111.
1111111111. 171111. 229. 68.
1111111111. 11111. Μ. 34.
purpurament- 7111. 235. 78.
rigidum. 11. 3123 28.

111111111111. Pria Μ. 33.
1111111111. 8111. 225 111 3. nott 11
227 111 29.
zmyrnaeum. 7111 Μ. 26.
splendidum. 31116. Μ. 62.
81111111. 11111228. 45.
1111φί11111. 81111. 224. 3.
1111ρὶ11111). rm Μ 11129.
tenue. 11 S. Μ. 20.
1111111111. 81111. 228. 54.
111111111111111 Sta& Μ. 25.
2111111111. 11. S. 227. 31.
umbrosum. 1111111. Μ. 38.
volutinam. 31111. Μ. 24.
1111111111 811111. Μ. 26. ·
virescens Nm. Μ. 21.
viride. 811111. Μ. 56.
71111111. 111511 280 111 [1111111111
Tn‘stnehyn. Nm. Μ.
barbam Nm. 238. 7.
1111111111 Ν111. 238. 3.
1111111111. Ν111. 238. 1.
1111111111. stin. 238. 4.
maxiem. Koma. 238. 2.
1111111111111. 1111238. 8.
111111111111. Η11111238 5.
simplex. Nm. 238. 6.
Triticum 1111 341.
111111111111. Steud- 342. 19.
1111111111. Tarm. 347111 93.
acutum. Dec. 342. 23.
1011191191. 343 11128.
alatum. Pomm. 341. 5.
1111111111. Ser-iay. 342111131111.
angustifolium. Link. 345. 70.
Arm. 1111111. 342. 14.
arundinum. 11111343. 11.
asperum. Dee. 317 111231.
1111111111. Line. 342. 27.
11111111 77111. 342. 12.
attenuatum. Η. Β. 346. 82.
111111181111. 345. 62.
baeticum. 111111. 429. 159·
bicorne. 11111. 35511118.
11111111311911 347. 99.
11111111. Tarm. 347 11193.
1111111111. Deo. 317111230.
Bromi. 141111. 347. 95.
3111111111. Prin. 344 111 54.
1111111111. (81111.) 346. 81.
caespitomm. C. Koch. 343. · l·
caninum. 811111. 344. 49.
caninum. 111111. 347111 41.
0111111111. 111111. 34111111.
1111111111. 11111311. 6.
compositum. 11111 341 111 4116.
condensatum. 1111111. 346. 83.
crinitum. 11111111. 345. 74.
1111111111. 811111. 245. 65.
1111111111. 1111111345. 00.
dnyphyllum. 8111111 345. 61.

, 1111111111. 191113. 344. 57.

desertorum. 11111. 345. 08 11344
1111111111. 61111111. 341. 11 11111
1111111. 0. 11111345. 75.
divertens. (31111.) 347. 92.

1 1111111111111. Sum& 342 17.

 

