Ma.

111

866116616111611116131111. 1661. 33. 83166166111116111. 3611. 118 116133. 8611661 1611161. m 90 116 2.

6116161. 111113. 73 166 3.
6116111111. 3. Β. 134116 3.
6661111161. 61. 1161116639.
6111111111. R. Br. 166. 9.
6116111111. 811611. 166166 4.
6611161161. 8116. vam. 166 166
3161111.
6111661. 3166111. 134166 1.
11611161. Foru. 166 1666.
16111. laur. 166. 29.
1161616161. Solam. 16616.
111111. 816166 163 166 31111111 3.
161116161. 761116. 126 1661.
11111161. 3111. 137166 1.
1611116611. 3. B. 100 166 142.
1611161. 111111. 140 166 7.
1611111113. 311166. 3.
16161111. 71116. 12411639.
16111111. Bm. 166166 22.
11111161 161116. m 1163. ’
1611111616. 116116. 144. 31.
1661111161. 31111. 123 116 19.
1111111661. 861111 146 166 33.
16116161 mn. 163 116 1 112.
1116116661 3. B. 134 116 2.
1116161. Van. 144 166 66.
6111116161 nuno. 16613.
111111161 261116. 124166 26.
16611616631111 166. 32.
6116111111 Lim 163 11611111.
1161161. 1131. 186. 7.
11116111 3111611. 164 1662.
5611616111. Nou.
111611. Nm. 100116141.
1161616161. Ν111. 91 166 17.
sulcatum. 3161. 76 116 12.
8611661. 111
1116611111. 116. 7411619.
1661111611. Stena. 12416629.
1666111161. 1111111. 76 166 13.
tentavimus. 361111. 80 166 73.
116111. 31111. 8411622.
1161631661. Pois. 191113. 89 16677.
11661161 31113 87. 69.
1111111111. Bm. 110 166 66.
1111111111. 19611. 111 16667.
1111611111. 81. 32.
16616611. 86111131 11619. ·
111161 1611. 166 166 1116111111 3.
116161. 111113 11211673.
1161361116. 311189. 94.
111111. An. 116 166 193.
1111116661 11161. 128 11613.
1111611111 3616. 10611131.
111111161. 96118616.
1131616111. 861111 81 166 96.
11111111. 11111. 118166141.
13113396. ⁷..
11666666613111. 79111 31.
1116111111 11111681. 72.
616111. 31111. 87. 31.
3166161166. 111. 83. 4.
6111116111. seond. 83. 7.
bubum. 116116. 101 166161.
6116111161. 311111. 8611639.
1111611161. 861. 96 11633.
6116111161 Koa. 107. 111116617.
61111111. Im 89. 93.

m. 31111111. 11.

6666111111. 361111. 87. 66.
31111. 3666. 86. 43.
6111116661. 3666. 111 16663.
61161111. wind. 88. 39.
611161111. Suam. 116166199.
61661611161111. My. 133 16616·
611111 1.
61111111. 1111616. 88. 73.
1111661161. 116 83. 3.
11661613611. 611111. 83. 3.
61616161116-111611111. Suu& 318
5⁶⁶.
11611111. 36116. 12416639.
6166116111. 111111. 74 166 9.
6166111161 lm. 7411611.
11ρί61111. bin. 102 166 171.
11661111. Amor. 78116 64 11 32.
11661111. 3111. 61. 11. 111. 79
166 66.
6111611161. 36116. 7816634.
6111111. Rota. 31111111 163 116 1.
6111111111. 3611111161 37.
1111166111. 111111. 118 166 133.
1666116161 1616. 67 1669.
1111161. 17611. 92116 27.
66616111. Nm. 84. 26.
6611616661 Eu. 102166173.
1161616661 36111191. 102 166171.
61111111. 36116. 127 11623.
6161111. 81113. 86. 47.
1611111161. Eu. 103 166 174.
66116161. 19611. 123 166 14.
complanatus. 3111. 112 166 73.
66611ποί111 Pm'r. 82 166 109.
1666166111161. 3. 3. 84. 23.
constrictus. 8161611. 82 166 193.
1611166111 36111. 88. 77.
6611166161. 11611. 99 166 139.
16611111. 3616. 31116. 83. 39.
11613661. 311111. 88 166 71.
1161111. 111111. 84. 14.
11161111. Lm 118 166 133.
111111. wau. 103116131.
1111611616. Stena. 86. 43.
1111666661 31113. 123 16613.
(6666161161. uu. 110116 64.
66611161. Rae.. 116 166117.
(6111161161. El& 88. 76.
36611111. 861. 89 166 33.
3161116616. 8111111 318. 334·
1161161. 3666. 86. 37.
Bononiam 816113. 122 11614.
1166111. 3. B. 81 166 39.
ellychnium 361111 83. 32.
3111116161. 81113. 317. 71
1616161116 Eu· 82 116 193.
1116666161. 111111. 88. 71.
11116161. Rota. 79166 33.
61161161. Parth. 8811673.
exiguus. 3 Br. 76 166 7.
11111161. Van. 120 166132.
1116616161. 1111 118 166 133.
16111111. Salsu. 118166133.
1111163111 3611. 100 116 146.
1616161111. 31111. 83. 93.
1161611611. Im 7611623.
1116111161. Delu. 86 116 46.
111616161. 3611. 00 166 79.

3161116661 sm& 83. 2.

1111111161. A. 9161. 87. 31.
1661161. 3661. 86. 34.
m· R· P· 89· 811.
6166661116111. 11161166. 3.
61616611111 116 81 16639.
61616166. 316111. 106 166 1111616-
111 .
6116611. 311188. 33.
1116611 3 B. 86 16633.
61661111. 131116. 87 . 64.
11666161. 3111. 11411699.
61161161. 3616. 114166 92.
61661661. un. 97 116 199.
6166611111. 111. 68 166 23.
6166611161 3111. 120 116 139.
61111111 Koch. 84 116 43.
61111116 Sava 1211161.
61161111. 211111. 123 111 13.
61161111. Pm'r. 98116119.
6161161. [Aa 11. 87. 67.
6116116161. Vah& 112 111 74.
361111666166 un 97166197.
361616666111. 361161. 33 111 49.
3611111 31111 89. 31.
6631116161. 111 126 116 4.
3111111. 111116. 88 116 123.
11111. Bm. 83. 96.
1111161. 366111. 84 116 13.
1111611 Nm. 84. 29.
111111. 31111 86. 62.
1111116661. Bm. 166 166 111611·
1111161611. 1111616. 76116 4.
1111166661. 9161. 78 116 41.
1611111111111. Van. 82 166 33.
111111136111. 107 116 3.
1661661611. Rau. 83. 37.
111οοί111. 3611. 84. 16.
1111611111 Van& 102 116119.
3111661111. 8611116. 113 116 73.,
311661. 3116. 87 . 33.
11161611 [Aa 86. 39.
111611111 71116. 86 116 47.
11111161. 36111. 89. 99.
11616611. 311161 83. 34.
1116661161 Tm. 88 74.
6611161. 111111. 88. 79.
1116111161 361111. 93 166 47.
6611611611. 111. 17411172.
61161161. 361163. 86. 46
1616116661. 3661. 87 . 33.
1616111131 M. 88. 17.
1111116. 11611. 39.
111116661611. 3111. 89. 92.
1111131161 111 87 . 39.
1111111. 311611. 106 166299.
murittum 8111111 84. 19.
111ιί1161. 3616. 87 . 63.
1111161. 3661. 81 166 33.
1111661161111. Syr. 8 116 66.
666111116111. M 87 . 36.
131161611161. asson. 83 12.
:gamm ff 161 111 10 ’
16 11. .
1111611616111. 11116 122 1111.
11111111. Nm. 88. 42.
3116161661. 1111. oe 166 126.
61661116663111189. 79.
1111116111 131. 114 111 37.

44

 

