111111.

811161113111111111. WM 168. 10. 8111111 8111111 Nm. 171. 16.
111111161111. 811111. 1681116. 1111111111. 81116. 169. 11.
ῧῇῗῗὲἶῗαὲαἶᾶιπψ 311031131ᾝέιὲ 1.
1111111111. 1111111. 168. 7. 111111111111111. 171.10
111111111111111. Kane». 170. 37. 1111111. Eum 177. 121.
11111111111111 Ham 173. 90. 1111111. 1111111 178111123.
1111111111. 111111. 176. 109. 1111111111ιί1. Nm. 171. 12.
1111111111. 11111. 179. 112. 1111111111111111111. 172 11.
11111111111. Nm. 168. 13. 1111111ιί111. (871111) 171. 87.
11111111111 (811116.) 179. 136. 11111111. 11111171 176102.
11111111111. 8111111. 171. 86. 11111111111. 17411172.
1111111111.(81111.1178.127. 1111111111. 1111111. 169. 21.
111111. 8111. 169. 17. 11111111. Nm. 168. 9.
mollin. Kmh. 175. 93 1111192.
1111111111. Poir. 179. 110.
111111111111 (811111.) 173. 61.
1111111 11111111. 179. 146.
nigricans. Pml. 170. 36.
nitido. 111111. 174. 77.

1111111111 Nm. 177111.
111111. mua. 171. 8611111111.
1111111111 uictas. 178. 65.
1111111111. 1111111. 17218.
1111111111. Pmc. 169. 19.
1111111111. 1111111. 168. 11.
pannon. Hm. 111. 1.
paludosa. Poop. 111111. 170. 31.
1111111111. 11111111. 17217.
penult. 81116. 174. 76.
11166111 1111119. 173. 67.
1113111111. 111111. 176. 103.
1111111111 811111. 173. 62.
1111611111. 11111101. 177. 120.
1111111111 (Semi.) 172. 10.
9111111311. Semi. 171. 14.
1111111111. 11111. 179. 138.
1111111111 (81116.) 178. 129.
11111111. Salsu 16911117.

’ 11111161 811111 168111 6.
propinqua. 811111 169. 23.
pteron. stul. 170111 32.
1111111111. 811111 168. 11.
purpuram (81111.) 161122.
purpurea. Poir. 17211169.
purpureo-zonat& 111111. 174. 76.
pygmaea. 1181. 174. 12.
pyramidum. 311111. 171 111 10.
1111111111. Poir. 170. 31.
1111111. 11. B. 167. 2.

amoriensis. Nm. 169 111 21.

11111111. (suna) 177. 111.

11111111. (81116.) 177. 117.

1111111111. 171. 41.

1111111111. Niobe. 178. 68 11
11173.

1611111111. (81116.) 147. 19.

1111111. 811111. 179118.

uliginosa. 1111111. 174111 76.

”gimu- Slffld· 119. 133.

11613111. (811111.) 176. 106.

11111111. (8111111.) 177115.

1111111111. 111116. 170 33.

1111ίοί11111. 1111111. 176. 100.

111111111111. 11111111 176111 101.

1111111111 (8111111.) 177. 119.

’ 1113111. (SM) 176. 106.
111ςὶ111111. 811111 173. 72.
1111111111(81111) 176. 107.

811111111111111. Ν111. 118.

augustimum. 1111111. 119. 6.

giganteum. 81111. 119. 3.

involuerum Nm. 159. 1.

1111111311. 1111111. 1591113.

8111111111. Ν111. 168 2.

Romanii. 811111. 111. 118111 1.

1111111. 1111111. 1591.

1111111111. Nm. 158: 1.
Sorontnchyn. 8111111 71.

kymngiom 1111111. 1.
8111111611. Dm. 313.

1111111161. 01111813. 1.
811111111111 111111.

1111111111. 81111. 268111 3.

1111111131111118111127111133.
8111111111111111. Nm.

1111111111. Ν111. 118 111 107.
8111111111. 111111. Nm. 137.
8113311111. Semi. 173. 60. 1111111111. 137. 3.

1161111111. 161711. 173. 61. 11111111. Ν111. 137. 1.
reticulatis. 0111191116. 173 111 1111111111. Nm. 137. 6.

66. 1111111111. Ν111. 137. 2.
rigens. 811111 171 11136.
rigida 1111111. 177. 113.
ripario. Poop. 11111111. 169. 10.
tugost 1181. 179. 113. 1111111111. 1111111 257. 1.
111111 11106. 168. 3. 1111111111. M. 217. 2.
8111111111. 8111111. 169. 28. 8111111111. 11111.

81116ἕὲ1111. 8111171. (111) 179 111 ferrugines. 11111. 160 111 1.

11111111 Nm. 170. 32.
111111111111. Nm. 169. 21.
111111111111.Ζ1111.1111. 178 11111.
81111111. 8111111. 1681110.

11111111. 811111. 137. 1.
suham Κ11101. 217.
1111111111. 1111111. 217. 9.

811111. 1111111. 308.
111111111111111111 11111101. 1.
Synna. 1111111.
fluviatilis. 111111. 296111 1.
8111110111 118. 290 111 2.
8161111111. 811111 113.
1111611111. 81116. 113. 1.

8111111111. 11111111. 175. 78.
1111111. Ρ111. 179. 111.

Τ.

11111111. 8111111. 164.

1111111111 811111 1641.

1111111111. 8111111. 119.

11111161 811111. 159. 1.

manachem Bery. 218

11111111. 111111. 219. 13.
111111111. 1111111 259. 1.
1111111111. xum 219. 6.
1111111. 1111111. 260. 11.
111111111111111111. 259. 5.
(1111111111 111111. 219. 7.
81111111111. 111111. 219. 2.
1111111111111111. 269. 3.
giganteus. 1111111. 269. 12.
1111111. Nm. 260. 18.
1111111111. 11111111 219. 3.
1111111111. 1111101218. 1.
11111111. 1111111. 263 1112.
1111111111. 11111111 259. 3.
1111111811. 1111111. 219. 11.
1111131111. 1111111. 260. 16.
11111111. 1111111. 260. 17.
11111111 81111219. 10112631113.
1111111111. 111111. 260. 16.

111111. Am 283.

fluviatilis. 11111. 286. l.

Tomlium. 8111111.

contutum. 111111 48 111111.
11111. lla-niu. 48 1111161·

1111161111. Nm. 8111111. 173 111

68. 1111

11111111111111111. Nm.

111111111111. Nm. Moyeu. 166 111
8111111 2.

11111111117111. Nm. Fimbrlxtylis.

1111111111 Nm. 11811180.
gneius. Nm. 98111 118.
mucronum. 21111111 11161.
1111111 Nm. 112111 67.
1111111111. Ν111. 114111 88.

’11111111111 811111. 115.

111111. 81116. 151. 1.

111111111111. em. Eriophomm.

lineatum. Pm. 88 11171.

1111111111111 Nm. 160.

compressa. Nm. 160. 1.
Nem. 1111111. 160. 2.

’11111111 Nm. 246.

1111111111. Nm. 246. 1.
1111111111. Nm. 246. 2.

111111. 11111.

1111111 nm. 182111 19.
11111111111111. 129 1112.

11.

11111111 Pam 248.

11111111. 11111244. 22.
11161111 Tm. 214. 18.
computu. 11. 111244. 23.
dim& 1111111. 244. 21.
0113111111. 11111. 11. 213. 9.
11111111. 1111124120.
11111111 Ρ11. 111. 244 111 23.
umeri. 111111. 243. 10.

111111111111. Pon. 248 2.
111111111111. 111111 243 111 3.

8111118110. 244. 13.
1111116111. 811111 244. 11.

 

