»ua

00071111111911111100118181.
mmmmm 11111 11111 11111111 11.
91111111111. 011111. 78. 01. 1191111. 011111. 1810.

9111111. 11. 01. 80. 118. 11111111. 1119. 81. 81.
1111110190 SM 700511111111111. 1111111111.
huam 8111111111. 111911111111. 811111. 81. 70.
1111111111. 11111111 1. 111191110111 011111 817. 109·-
1111111111111181111111111 1111111111. sm. 7011158.

00. tennis. 811111. 78. 17.

1111111111. (M) 70. 50. 1111111111. Ν111. 78. 58.
lom-lu 8111111788. 1111111. 8111117011.
Lot-mn. 0111111111. 81. 71. 1111111011 1111111 Mon. 70
1111111. 011111. 78. 10 1111110. 1118.

18. 1111111111. 111170. 80.

mm 011111. 71. 5. 11111111. 0111111. 71. 88.
1111111901. Sp. 11011110. 11111111111101. 78. 11.
11111111. 11. 01. 77. 01. 11111111. 011111. 80 107.
1119111101. 1111111. 78. 18. 1111111. 011111. 80. 108.
modia 011111. 81. 00. 1119111111 0111111. 77. 00.
ulmum 11117800111119111. 011181. 71.
mmmm. vivipm. 1111 77. 00.
10119111111111. 8111111111.
81ωέ11. Nm. 0111111111, 11111111
1115.
1119111111. Nm. 08 111 0.
91111111 m. 88 1111.
mmm 011111. 78. 10. 1111111111. Nm. 01 11101.
111111111111. 1711180. 110. 81911. 811110 011.
1110111111. A 111111. 77. 00. 1111101111. 11111111. 011. 0.
11111111018171 11111111 111110.018111011111111.
1111111. Nummum& ,11111111110111190110
1111 1111111. 70111 1. 1111. 1111111. 010 1118.
1191111111. (8111111111. “ 1111110111. 0. Δ. 1119. 018111 1.
11011111, 011111. 00. 00. 11111111 Tum 011. 1.
1111811811111181. 00. 1911111. 011110. 011. 1.
111111. 811111. 70. 00. 1111111191 Kar. Ktr. 018 111 Co·
111111 11191111 70 111 01. 1111110.
11111111191111011111)81. 80. 8191111111. 011111. 118.
11111111. (0111017058. 111111111.Ν111.1111111.
mmm 01110 80. 81. 1111111. Nm. 111. 0.
ouum 7111177. 41. 111111111111111. 111. 10.
11111. 11. 0170. 00. bifidus. Nm. 111. 10.
9111101 81111111178. 00. 1111111111 seond. 111. 18.
91111111 11. 01. 77. 00. 1191111111 Ν111. 111. 17.
9111111111, Praei. w. 71. 1119111111. 111. 1.
9111111101. (011110.) 77. 08. cuspidatus. Nm. 111. 0.
91111191111 11. 01. 80 100. 9110010111. 111. 1.
91111111111. 0111111 w. 80. 91110111111011. 111. 18.
pulum 7111188118.111111111011111111.8.
91111111. 1111111111. 111111. Nm. 111. 0.
9111111. 11. 01. 80. 110. 1111111111. Nm. 111. 10.
mm 1111.011111191.71111 111111111111. Ν111. 111. 11.
1111111111. Nm. 111. 10.
9111111911111. 11. 0181. 80. 1111911111111. 111. 11.
mum 1111111. 710. 1911111111 Nm. 111. 5.
- 1111111111. 1111111. 71. 0. 1911111111. Nm. 111. 7.
1111111111. 01111. 81. 87. 11111111. Ν111. 111. 0.
’ 1111111111 11117700. 819111191111111. 01101911.
8011111111181107840. mimicum. 0111988111 10.
11111111. SM w. 78. 81119911191111111. Nm. 11191111·
mmmmmww qmm
8111111111. 011111 78. 18. 1111111111. Ν111. 110 111 110.
1191111 111911. 00. numum. 1111 088.
1111111. 11. 01. 80. 110. 1191811111. 1111111. 070. 05.
&mmmmm mfflmfflfflaem
11119111. A. 0110. 71. 10. nomem. 011111 077. 110.·
1119111111. 011111 81. 00. tm 01119. 071. 70.
8111111. 01111118. 44 uh 40. 1111111111- 011111 070 00.

mmmm& 1111111111 1911111111 111111 811111101111111-.01111.078100.
9111111111. aar. 1111111111 101.

moenum. 0119. 088. 007.
mutium. 111111. 080 11171·
1111111111111. Bm. 080. 101.
tumidam. 011111. 080 111180.
1181111111. 811111 081. 100.
1111111111. 0111111 11111. 011. 80.
1191111111. 11119. Μ. 100.
1191111111. 01111. 071 nb 01.
1199111111. (M) 071. 01.
1111191011. 011110 078. 100.
11111111. R 111. 078. 01.

11111111. 0119. 071. 81.
1111111111. 1111111. 080. 11.
1101111. 8111111. m. 000.
1111111811111. Beud- 071. 05.

111911119111111. Bm. 078. 104.
noum. 11111 111 11.

81111111111111. 18111111.) 071. 00.
1111111111. mm 070. 01.
1111119911. 1119111. 78.
1111111111. 01110. 070. 40.
11110111111111071. 70.
brison«. 81111. 081. 180.
numinum Non. 071. 87.

111111111.Β1119.071. 01.
amum 1119. mm 111
“Malim m 081. 104.
1111111111. Patr. 07187.
ouum. 119. 111 111.

111911111111. 0119. 070. 110.

’ einum 0111907170.

11111111. R 01. 078- 00.
11111111111. mjmfiaebfl.
0111111111111 sm& 070. 150.
1119111111. 01101. 071. 80.
111911111111 B. 071. 01.
{mmm
1111111011. 11119. 080. 180
mamm 0119. 880. 17.
1111111111. he. 071. 10.
1111111111. 0119. 070. 100.
19111111. 0119. 077. 110.
1111191111. 111 0881..
dommum Η. B. 088 111 10.
1111111111. (011111) 078. 100.
1111111111 11. B. 070. 08.

1911111111.
111-..1111 111. 1.

1111111919οω 11111 177110.
1111111111 8119 ,111. 10.
11911. nom 07010.
1181111111. Nan. 07017.
olm 0119080100.
1119111. 0119. 081. 100.

1111911111. Bm. 070. 110.

111119111111 0119. 080. 10.
1111111111 11. B. 018. 188.

1119111. 0119. 070. 118.
1111111111. . 070. 110.
mmmm. . 011. 01.
1110111111. m 078 nb 08.

mmmmm?

 

