,61111

cm 1111111771. 223.616112096111153ί1)111ι.1717611.22611167611

omis. 11111. 11111111.

ιιιδ 271.
1111111 11111111216111161.
111111111ίά11. 9111111. 209. 361.
1111111111. 3111111. 110 .203. 211.
fuliginata. 9111111 216111 166.
fuliginosa· 9111. 228 sub 616.
11111 0111. 223. 661 et 1111 6111·
111111. Hon- 223 tub 613.
1171111111. 9111. 188. 76.
1111111. 6111111. 221. 620.
famu. 977. 241 ιιιδ 777.
1111111111 Pedem. 192. 120.
sum. Wabb. 197. ’3.
71111111. 7711117122 1111623.
1119111111. Nus. 231. 616.
wamia. 011111 222 sub 612.
9111116111 6. 1.,1711111. 242. 300.
michaelium. 7611111. 212 103.
9111111111. 911111. 190. 106.
9111111. (311111) 233 sub 631.
91111111. 31111. 199. 216.
91111111. 911117. 199 snb 213.
91111111. Barim. 199111 211.
9111111. Boou. 234. 691.
gonella. 911111. 211. 133.
mlum. 311711. 206. 310.
1111111111. ane. 228 sub 676.
genuensis. 911. 206. 322.
233133 6136.
91111111. 3111111233. 671.
911111. 91111234. 692.
31111. 1717111. 200. 226.
9161111. 91111111. 212. 391.
tignum„ Rudqo. 2401116 760.
mnndum. 311116. 209. 360.
glumn- 1617111. 197. 132.
glum. 31111236. 703.
glauconem. 277. 230. 611.
giobo-0. 911111. 233. 631.
globum 2111219. 763.
5111111111. Vsu. 242 tub 799.
glanem 7111111. 192 120.
domm 77111. 187 sub 66.
dmm. 31111. 220 sub 607.
91111111. Book. 203. 210.
9111111111. Gay. 211 sub 336.
wilmun. 311111 226. 633.
gracilis. 9. 91. 209. 361.
grauia 01111216111772.
gracilis. 9111. 200 nub 233.
mlh. 3716. 2011111 236.
Ἧι. 317171. 200 sub 230 et
gracillima. 31111111. 226. 671.
3111611θὶ11. 3111117. 911111. 229111
91111111 Boou. 216. 133.

w 3111. 9111. 206 tub

minu 1111111. 111. 111.
anulariam 311111111226111

911111111111. 17116111. 218. 132.
91111. 01111. 240. 766.

9111111. Dm. m 602.
m Dm· m· 5217·
91191111. Boou. 213. 120.
9111111111. 31171. 218. 737.

911111. 31111. 199. 211.
1113111611 911111. 193. 136.
9111111111. Boou. 226. 636.
cathmum 9111. 184. 16.
0111111111. 911117. 201 sub 239.
1111111111. 31111111. 211. 726.
[11111111. Vin. 2331111 676.
3110111111. 7111111111. 183. 3.
1111111111111. 911111. 210. 371.
1111111111111. 13111201. 233.
1111111111. 11117. 211. 719.
1111111. 9111. 191. 119.
9111111. Vm. 2121111 793.
9111111111. Auo. 233 nub 616.
6111111111. 111111. 216. 160.
9111111111. Dm. 212 736.
911111ςί1. 91111. 208. 361.
1111111111 C. A. 111111. 231. 660.
1161111111. 9111. 237 nub 733.
111111111119111. 197. 130.
helwia. 97111. 190. 166.
9111111116 Boon. 1811111 23.
111111111ωῶ6. 71111. 611111 60.
11111111111111. Tm. 226. 671.
1111111111111. 9111. 236 tub 773.
hiant 311117. 236. 771.
11111 3111. 206 sub 320.
11111111 101171. 201. 260.
1111111 3111112112 sub 793.
him 111. 236. 700.
hispido. 31111. 216. 171.
hispan. 61111. 236 tub 702.
1111111111. 1111119111 626.
911111ὶί1111. 17111. 226. 637.
9111111111111111. Ga . 238. 716.
9111111111. 911111. . 266.
homimem. 61111111 212. 106.
noma 9111111. 237. 733.
9111111111. 9111. 192. 131.
911111. Boou. 188. 76.
9111111111. 9111. 211 nub 123.
1111161111.11111.236111 717.
111161111111. Via 296 nub 717.
9111111ιώ911 911). m 1111 669.
normam 91171. 206. 316.
91111111 Deo. 29. 663.
Romanii. 7111. 219. 601.
1111111111 3111111. 223 611.
9119116111. (611111) 206 313.
humilia 6113233111 671.
δ11111111111. suad. 236 1111701
1111111611. Duum. 199. 209.
1111111 311111. 216111611111111.
111111111ωο. 31111 204. 231.
hymenaeum. 911111. 216 111
1111111191. 11111206. 320.
1111111111. 1711111210. 379.
1111111611. 31111. 193. 110.
1111111311 41117111. 239 mh 769
111111) 76 .
lankim 91111226. 683.
71111111. Tm. 217. 766.
sanun 3111111. 186 111 33.
1111111111. 91111. 206. 900.
11111111. 111111. 228. 616.
luponio& 111171. 228 tub 617.

m

611119111111111. Dm. 226. 671.

6111111111. 311111 190. 191.
inumb. Nm. 212 791.
1111111. 311111. 210. 376.
111116111111 31111 189. 93.
1111111. 71111111. 232 1171 667.
inconspicua 311116. 221. 622.
ineman. 31171111. 268. 736. ·
inem Liqhaes. 187. 61.
11111111. 17111111. 221. 693.
1111111. 7611 207. 331.
111111. 31111. 209 nb 363.
111111. Rom. 169 ηδ 27.
1111111 Lem. 239 tub 717.
1111111111 17111202 267.
1111111111. 11111111. 217111δ 169.
intermedia. 91117. 189. 37.
intormem 77111771. 183 nb 36.
intumescent 1. 210 sub 766. .
11111111. R. 91. 1 . 207.
1111111111 M. 2381 713.
irregularia. 31111111. 229 nub
1111111 1717111227111601.
1111111111 sm 201. 236.
hamat-chys 371111. 222 632.
11111157197771 229. 631 11 226
111 9. .
sunonem 111 181 nh 11.
1111171111. 31111. 137 111 60.
1111111111 61117. 206. 316.
summ 311111 210 376.
[6111111911. 311111 216. 137.
1111111111πί1. Dm. 230. 672.
91111111. 1111237111 116.
1111111111 3116112361111701.
9111111111. 911111. 193. uc.
91111111 91111211. 331.
1111οοφ11111 11111201. 301.
hoinowa. 17. 91. 211. 734.
7111111111 171771 237. 723.
711νὶ111111. Home. m 535.
1111111111. 311711. 230. 676.
lavim. 91111. 231 111 667.
lavim. 911111. stin· 233 111

’ 111.

um 1. mm. 18611.

hmffismlm' 111111 11111
811 1

ΙἫἛἏΨΜ 198. 207 n
11111111 1717111. 186 sub 21.
1111111111 Dm. 227. 603.
111111. (3111111227. 601.
1111111161. 91111228. 617.
lomim 111111. 236 nb 661.
1111111111. 0. J. 61111. 29). 223.
1111191111. 9111111236. 702.
1111 1017111. 227. 606.

11111111. Im 226 636.

11111111 111112213111.
[1111111166. Dm. 192 133.
61111111. 81111 231. 696.
[1111111111. 91111. 191. 113.
7111111111. 0. Δ. 771111. 183. 6.
1111111111. (111233 111 661.
1191111111. 0. Α. loyor. 193.

lentim 941111. ml· 2101
1 1

 

