32⁴ 1118.

8111111811111111. 7111171. 281. 514. cmx 1711111. conon 17 Gom 228. carex 1111111171 [en. 1oe 111111

morino„ Ia'n. 19711717817198 555. 7111111.8111111.285.802.

1117 194. 8111181711. Spr. 217. 478.’ amingum. 8171111 18111
leporius„ 77117. 242 11111 797. marcida. 1111111. 187. 58. 201.
11111111 1777719. 188. 28. mugiunt& 71711819. 279. 498. mutiet. 71. Βτ. 218. 411.
1188181711. Lm fil. 281. 852. marim. Dowoy. 197. 185. ’ myosuroldes. 1777 248 1178111
1111111111. 8111117 217. 484. maritima„ 111117 Van. 218. 459. 8111111181. law. 288 811.
7111111171 Boou. 198. 185. multius„ 81111111 218 1117 458. 7111111111. Nm. 287. 827.
1118311181. 8111177. 188 1117 81. 7111118111. 1111111111. 819. 518. 111111. 071111. m 814.
7111111181. Nm. 288 1117 229. mauritania. Boiu. 111111. 218. 448 nardina. Fn'eae 184 28.
1111871111. M. 248 1117 Tri· 1111118111. sema. 284. 285. 11111111ςί1. 11111711. stat 2oe

11171 1. maxim Seop. 2881117 838. 825.
1111111178111111. 198. 177. 1411111 8111 227. 578. Nomina„ 11111. 242. 788
1117111111. 1111711. 281. 248. 1111111 R Br. 197. 188. 1811111111. huot. 241 1117770. ¹
upum. Gwy. 189. 89. muium& 11111287. 828. nogium„ 77117111. 197187.
11311111117711218. 488. nolum 7711111111. 211. 990. 11131111111111111212117474
1111111. 111111. 804. nohum CA. Moy. 282. 280. 1181181711. 811117 218 481.
11111811 hyda 288 117 887. melanowpa. 8181111. 288. 888. 1111811811. Mene. 192 121.
11111171. 77111. 214 428. 1111111111117111. Tarm 282 sub nemorosa. 1111111111. 198 111181
7711711111. Nm, 818 888. 258. 1111111118. Spr. 194. 158.
17111171. cmm m 117 882. mhnupemn. biom 198. 171· nemu. Dus. 221 nb 523.
uam 777774. Μ 289. nenbrunnen 171117. 221. 521. novatiensis„ Boiu. 221. 517.
71111111. 77111. 188 1117 1. 11118711111111. Hopp. 2171117 489. nigra ,477 288. 289.
7111711171. Pom m 514. mansis. 8111711. 194157. nigra. 81771. 211 1117888.
1121117111. 1711111. 198. 94. 1411711118. 17111. 288. 278. nigra. Yon. 211 sub 890.
mum», 77111. 188117 senia uma 11411 188 snb 1. nigricans. G. 41411111. 187. 77.

10. noxietas„ 77117. 289. 852. 1113τί11111. Drejor. 228 801.
17811172. 81711111. 2421117 788. nemis.2vm.195.157. 1181111111811111181711111217777.
1181111. lau& m 787. 1411111111. 71111117. 217. 474. 11111ςί1111.8811111.287.881.
771111. 1717717. 227. 880. nima 81711111. 184 11710. 1111111 17111. 2281117509.
717171. 711111. 187. 88. 11171111. 771111. 288 879. nitida. 11118. w) 117 910.
11711111 m 218. 28011 117 288 minoem 8111117. ³06. 915. nivalis. 8711111. 184 17.
mmmmm. 111. ,1111811111 1111811118 1118118811111111111.
mmmmm. 111. 1ο. norvagica 1111118181.
longorum 84111. 288 1117 niundon& Tm. 171117. 287. 792. 11111111. 7111117. 218. 418.

. 111111111171118181719888582. 1111111111 Nm. 198. 144.
811711111117111. 188. 87. micropodn. CA. 105. m 21. Novae Angfiae. mmm
longifolln„ 17111. 218. 479. 111111111111111. [7191111711. 191 sub nubigena„ 17111 198184. 1
latifolia, 71. Br. 289 1117 858. 108. uum Hoet. 287. 725.
longinum 811811 11111. 19 nub 41. 11111118111111 811111 281. 858. 1111111111. Dew. 198. 97. ζ
Ιοπςίρα. 17111. 188. 88. 11111111111111. 111171. 188 111719. messana„ 81111. 2411117747
longino-trin. rm. 111. 111. 1111111111 aoy. 192 111 111111198111182111188
longina 81111. 288. 294. malichum 81771. 229. 827 ot 1117 oblita. 811111. 281. 857.
lucorum 7771711219. 495. 829. obseura„ 17111. 228. 821.
7111171111. aoy. 197. 192. 1818111811ιὶ. Sum. 229 sub 828. obtusam„ Liljb. 188. 40.
18881111811111111. 811111181181811111. 117101181107111111278777·
lupolina 11111. hm. 1111. auu 1111111.. uuae. 242. 1111. 0111111181111111181 d

· 785. mirabilis. Dew. 198. 203. 518.
1111111111 sm 111. 111. miram». 11111. 246 1111811111 1. oehioaca. 1111111. scena 17 ⁸⁸⁸
· 1111111171. lcum. 287. 724. 11111111711171. 228. 579 111117 884. 254.
mum. Hm. 1111111. numm 11. 111. 1111. 111. 0181111111111111118
Lycni. Boou. 188. 94. 1711171181111. Cure. 218. 449. 8171111111. 71117 288. 888.
11111181.Κ1111171. 288. 298. 1711118111. 7171111111. 288. 812. olintum. 811118. 288. 275·
8111111111 niu. 1111. 111. 1811111181111111. 9118181811111111188
8111111111111. 111. ...1111111111111111 ..11818181118118127
1111111117111. 7171711. 198. 102. 1111111111.Τ11111111289.751. 1117 587.
mochum. Mlsoyor. m 812 811811111111111. 198104. 1713111181 Vaut. 22889417·
1711178119. 1111111171111γ1. 471117. 2441117 21. 173111118111111124177
1111117811. 811111. 228. 548. montana„ 1171. 4171117 488. olimst„ 81111282 889.
merom& 71111111. 288. 718. nontam. Lem. 2171117 489. olyssiponensis. 8111117 217 m·
8111111111811111. 111. moretonii. 111111. no. 511. 8111111111111111111191.
81181111111111111111111. 11111111111811111111. ...81111 1111111111·
1111111711171. 7111117. Ι1171. 1841 mucronata. 471289. 887. 01111711. 8111111 188 81·
11. 11111111.ςεῑ.11111.111.111. 1881811811181848
1111111111111. 811111. 218. 989. 1117111711117711111911 191 1117114. 885 11 2191117 498.
811118111181111111111111. nonest. 11111. 1111111111. 18181811118111111812
· 811111111811111111. 184. 14. multiflua. 1177819. 198. 189. 01111171. 11718111 198177·
81811181111111111. 811111118111118111111. mammam-must
1111111111 1118111 1981117 188. maxiem. 1111. 192129111981117 omlis. 01111. 198191.
111118111118111288872. 191. (mmmmm

 

