616111.

Ratio aiamim. Roui. 267 nub 1111116 omnm. 61661266. 66.

stabam 6.
1111111161. 110116. 264. 64.
echinum 1161111. 260. 7.
egregius. 1161111. 266. 46.
elegant} Poir. 264 nub 11111ω-
1161 .
Elegia. 1111 261 161 4.
elongatus. 116116. 260. 6.
equitantem. 11111661. 262161 16.
6111161. 11611. 261 ω116.
6111111161. 11611611.269161 6.
111111611161. 11 Br. 249 ω1 1111-
mocinius 1.
fastigiatus. 11. Br. 266. 88.
ferrugineum. 11111. 262. 26.
161161161ω1. 1161111. 249 1611 11111·
16111111 1.
1666111661. 11611111. 268. 0111111116.
1111116111. Poir. 2601616.
flexuosus. 11 Br. 266 ω11 6.
fraternus. 1161111. 260. 12.
1111111161. 1116116264. 62.
1611661111. 1161111. 260. 16.
annotinus. 1161111. 261. 27.
01611111611661. 1161116. 266. 16.
glomerata. 16666. 264. 66.
gravilia 11. 61. 266. 76.
viem} 616661. 267 ω18116166·
66 .
31166111161161111. 264. 62.
grandis. Nm. 262 ωδ 16.
1111111161. 1161116. 268 ωδ 6.
1611111161. 17111116. 267 ω1 61111-
1111.
1161111161. 1611111. 266. 46.
1616111161. 111666. 268161 6.
1616111161. Boii. 26016111.
intermedium 1161161. 261. 18.
intimidius. 6161111. Elegit. 262
1616.
1661661. Nm. 16611291 ωδ 4.
11661111. (611111) 261. 26.
1111161611. 260. 14.
1116616161. 11. Br. 266 ω1 6.
1111616161. 6166. 266 ωδ 6.
11161 11. 111. 266. 70.
11161. 11. 61. (61. 12.) 26011111 80.
leptosuohyun. Κ16111. 264. 63.
1161161661. 11611111. 260. 11.
161661. 11111. 264. 67.
1161111311. 616611. 264. 61.
macer. 1161111. 261. 20.
membranaceus. Nm. 262 ωδ 6.
1611161. 6611. 260 ωδ 18.
166τῖ6131161. 11 61. 266. 81 61
ω 8 .
6111611666. 26228. .
616611111111. lt 111. 266. 68.

. 616611161161. 616611 260 ωδ 6.

6611161161. Nm. 262 ωδ 16.
1661111666. 6116. 264. 66.

611161. Nm. 266. 66.

nudus. Nm. 261 ωδ 8161116.
661161. 1111116264. 60.

661161. 11. Br. 266 ωδ 78.
661116. 6161111 Plora. 264 ωδ 61.
obtusissimus. 61661. 262. 66.
61111161. 11611111. 260. 10.

eligantem 11111112 68.

61116111. 161116. 268 ωδ 8.

m

1161 virm.. 16111. 111 1111.

maioma. 11111. 111. 11.

111111111111. 1111611. 262. 67. 8111611611. Nm. 248.

pollens. 11. 111. 266. 72.

1166611666. 249. 1.

pilleus. Sieber. 267 ωδ Schoeno- mmmm m 189.

116 2.
paniculum. 116111. 01116111. 267. 1.
1111111111. nuni. 2621618.
ρ161111οω1. Poir. 264. 67.
peronatus. 11111111. 268 ωδ 7.
perplexus. 81111111. 266. 61.
1111611161. 61661. 266. 60.
polystachyn. 1111611 266. 42.
propinquus. Nm. 261 ωδ 6.
11661611116111161. 1161116. 262. 66.
1161111161. 8611111. 266. 64.
pubescens. 11. Br. 264 ωδ Hypo·
111611.
quinquefaria Ν661. 266. 48.
1116161161. 1616 261 ωδ 6.
1161116ω1. Nm. 01111111 267. 2.
1661161111111. 1161161. 262. 62.
11166161. 616661. 2691612618.
111116161. 171661. 269 ωδ 6.
111111ηοί161. 1161111. 261. 26.
1111111161. 11611111. 261. 21.
setiger. 1161116. 260. 8.
affligem. Nm. 266. 84.
61611611. 1161111. 260. 16.
simplex. 1116116264. 66.
simplex} 111111. 267 ωδ Schoeno-
116 .
1611161161. R. 111. 266. 66.
spinigems. 16111 216 ωδ 14.
upieigems. 1611116. 260 ωδ 6.

’ 1116611111. 11111111. 262. 46.

squamosus. 11111116. 264. 64.
1661111161. Lam 249. 6.
1661111161. 616611. 1111. un. 260
ωδ 6.
1111111111. 1161116. 262. 66.
16111161. 11111161. 266. 47.
116111666ρί1. 61661 260. 4.
tectorum. 1111. 261 ωδ megin 1?
tectorum. 616161. 261 ωδ Ele·
16661161. 11661266. 86.
tenuissimum 11611111. 262 31.
tetragonus. 11111116. 266. 41.
1116111161. 16611. 266. 67.
numptius. 616111. 261. 24.
1116611111161. 11111116. 269111 7.
11161161. 116111. 261 ωδ 6.
11166161.Ιί 611266. 76.
11161161. 116111. 261. 26.
11166161 616661. 26016116.
11161161. 11611111 116166. 261 161126.
1111166161. Nm. 266. 86.
triticeus. 116116. 01161111 268. 6.
116ρί161. R. Br. 266. 82.
6611111161. 17111116. 260 ωδ 16.
uncinum. Nm. 6166. 166 161
01611111.
11111161. 61661 266. 87.
vaginatus. 1111116. 260. 6.
1166116161861111. 260. 17.
1616161161. Li.. 26216116.
’1111111616 261. 16.
viminum. 1111 268161 6.

timim. 116111. 264 mh 66.

116111. 66116111. 146. 81.
1116 1611111111.
1111116111. 1111111. 148. 47.
1161116161 Poop. 6111111 144. 60.
nunilo. 616111 149. 114.
1166611161.Ρω11. 148. 46.
1111161111. 661611. 149112.
apim (1611) 111. 11
16111. Van. 144. 61.

16111. 6161. 14616181.
1111ω111. 616611 146. 466
86111161. 01116. 141. 27.
1611111 1161111. 148. 44.
1161116111. (616611.) 144. 68.
11611111. Nm. 132 ωδ 16.
11116111118111111 146. 88.
1111116611. 140. 8.
11ρί11161 Yon. 141. 16. ,
11111111 R 6. 142. 67.
116111116111661. 147. 86.
cophanti». Gray. 141. 26.
1661616161 (61661) 146. u.
cephalota. 171111 147. 62.
1611611111 861116 149 ωδ 111.
0111161661. 0611. 141. 22.
111616111. 11611. 149. 116.
6111111. 17611. 141. 28.
1111111111. 61161. 146. 46.
166111. 11611111. 147. 64.
1161111. Lini. 1461611 88.
corymbiferi. Ν661. 148. 102.
06111111. (61161.) 141. 17.
cynon. Ν611. 140. 4.
discolor. 1161111. 148. 110⁶·
1111161. mi. 141. 24.
1111161. Eu. 140 ω1 16.
1111111111. 01111. 141. 18.
1111116111. 661111. 142. 66.
66611 666161. 1471611 87.
elutior. 6611111. 142. 48.
1111111111. 0666. 140. 16.
6161166116, 61611 142. 61.
61111111 11111111. 144. 67.
Fabri. 611111 147. 97.
sueinum Ν611. 141. 27.
1611161161. 661161 146 111177.
11116111 Yon. 141. 20.
11111111, 11111116. 146 ωδ 72.
6111111611 116111148. 99.
1161111 14111616. 144. 62.
1111111. semei 142 66.
16111. Ii S. 149. 116.
gignunt 161111 146. 61.
glauca 1111114611.
globoso. R 6. 142. 68.
3161611. Praei. 142 ω1 66.
globulum Hjuy. 144 1111 66.
giem 11161. 141. 26.
3111111611 vray. 141. 26.
gracilis. 17611. 146. 66.
11166161. Ρ1611. 148. 108.
[1116111666. Emi. 147. 66.
1111611. Van. 187 11166.
inaptus. 1611 140. 6.

1616616 om. 11111.

 

