470 Index.

3111111011111110111.Β11111.·347.7. 8111111 00001111101. 8. 8. 50 105 8001110101 0111011151 11111. 155105
1100110801010. 1111111941. 2. 189. 21.
1111811. 71111 347. l. 1111111 11110111. 39 sub 17 11011101 Runa. 154105 20.
1111110011511 347. 6. 1000511013111111. 52 105 212. 1111111011. 1711111 102 105 81011-
11501111001. 1511011 347. 4. vaginae& Spr- 54 105 248. 01151 4.
fragile. 85111. 347. 3. 3011011501. 3111111 12. 311010110101101010. 8101111. ·
glaucum. 0111111. 348. 8. ρ51111111111.311111112.1. 1111181111οι0. 810111. 333 105111·
0110110001. 01111. 347. 8. Sorghum. Pm. 1111 Andropogon 293. stus 2.
1111511110οω. 8111347105 8. 5. 25. 3110010510ιο. 75111 118
11111111111111113471053. barbatum. 17151. m 11. 238 105 1001111100ιο. 3111111111. 1181051.
villosum 1111 346 10579. ’1111111511 7. complanatum. 3151011. 1181051
31111011. 811115. dubium. C. 111111. 394105 391. glabrum. 71111 118105 1.
11151101011011. 110111. 369 10569. giganteum. 81111111. 394 105 384. 111101ρἰ 31510111. 118105 1.
50111511. 1111511. 369 105 71. vulgare. Pers. 393 105 375 11 3 80. madagucm'ense. 8111115. 118 3.
0101110511 1111111069 105 70. 80111101. 315115. 214. 1050111010. 75111. 118. 2.
Sericum. 111111. 404. 1011011111 11111. 214. 9. 811111 Lim 124.
01018111. 110111· 405. 1. arundineas, 6111111115215. 18. 1111111. 11110 1321051οΟ.
1111110111. sumi. 195 105 Oxym- 5010110111808121511. amethystina„ SteucL 124. 10,
1110 Ῑ· 18010111.Ν111.215. 21. arabica. Prin. Rupr. 131. 87.
90110118 11111101. 295. 11111111111111210. 11. areum. 11111. 111115.
alba 31111111. 295. 2. 1111111111. 15111. 215. 12 urguens. 8111 401 10510.
11511101. Kit. 295. 3. cynosuroides. 1111111214. 4. Aristona. 1111 131. 94.
8110110818· Nm· 296· 18· 1110111011 81111911. 215. 15. australis. 2111. 1111111. 132 101.
ugentes· 8011296 105 9· 1511100111 1111111111. avenacea„ 1111. 129. 85.
0811081108· 611011029611· 511110111181111111215. 19. barbata. Das. 130. 85.
1001018118 1511100100· 296· 6· foliosa„ 11111214. 7. 5115111810οπ. 131 10587.
00010110111011290-1· geniculata. 811100· 215· 20· 5115111. 111111. 129105 85.
0111011111. Dec. 290. 9. glabra. 1151519. 214. 5. Bergeri. 81111. 129 105 71.
(11111Ιοί101. Ν1111. 296. 20- 0115001101. 1111111. 215(οο1010). Α bicolor. vam. 124. 2.
(11111151 Pm 296. 18. gracilis 111115. 214. 3. bicolor. 811111. 127 105 87.
(1011 11111115. 303 10514. juncea. 1151111214. 1. ' bicolor. Ρ11111 129 tub 85.
echinata. 811111 298 105 19. 111011111οι11. 81911111. 91111. 214. 2. 5111511511111. (1111111111 126. 28.
01011818 11011. 206. 7. laevigata. 11111. 214105 5. 80001101. 15111. 129. 70.
5510111. 171110. 296 1055. patens. mlbry. 214. 8. calamagrostis. 11711519. 132103.
1000110118. 11011. 296. 5· 0111101111 81111. 215. 18. 11001Ιο1501. Nm. 128. 41·
1081118118 011105· 2961111) 6- puber& 1711111. 215 (nomen). 1101110111. Poir. 122 10512.
mutiet„ 1111111110. 396. 19. pumila. 11115215. 17. apennis. 150115. 129. 72.
nitida. 1111111296 10. stricta. 111115. 215. 8. capillatis. 111115. 179 105 28. ·
pedemontana» 11101. 11110111· 2961 11111111111051121510. capillata 11111 13074.

17. 80511οο001. Tria. capillata. 17001. 130 105 75.
1511111111. 81511. 296. 12. (1οο101. 75111. 287 10538. 61113001. 75111 13210211 119
0011801018 0. 11011296» 13· 8010111. 111113. 105 68.

1131111111110296. 8. 1111101101101.Νι111. 113. 3. caspia. G. Koch. 131. 36.
1151010105οι 111129014· dealbatus. Nm. Moy. 1131051. eandm. 15111. 125. 15.
10118118 11011. 296· 11. fragilis. 8. 81. 113. 8. 1111111. Semele. 127. 42.
1000110118. 9011011. 295. 4· hirsutus. 11. 81. 113. 2. 10110111. Ρ1111. 125. 17.
6118111. 8111111. vid. Panicum. 49. 510ςὶ101101. 8. 81. 113. 5. 11110111 15111 130. 75.

601110 VII· 11111101. R. 81. 113. 4. commutat& 75111. 111101. 128. 53..
8111513111. 6111011· 50 tub 195· squarrosus. Lin. 113. 1. compressa. st Br. 127. 45.
1111111111 3111111. 202 105 Penni· spodiopogon. 11111. 15111 1111 101111- conferta„ Poir. 129. 88.

1111010 2. pogon 298. 5. 27. consanguinea. 75111. 130. 82.
aurea. 11111511. 50105198. “ 100011111Ιί01. 15111. 373 105 115. crinita (1011111111. 127. 43.
5180111818 11111111. 7911111 481· cuspidatus. W. 1111. 373105 112. 001010ςὶ101 15111 12511.
11οο1001111 H. 8. 53105 228. 11111111. Ν111.375105 133. 11110111οο1 Boiu. 420. 815
110108 11001111. 117 1115 90011184 laniger. Ν111.373105117. 11151111. 6111111. 126. 31.

11118. 8. 1551011055. 51111373 105-11811 demissa. 3111111. 130. 83. .

. elongat& 3111. 53 105 228. 119. ’ 8115011501. 3111111 120 105 111·
flm- Kmth- 501115 181. pilosus. 57111. 273 105 111. 1511111501 1.
geniculata. 311511. 109105 88. 111155011101. Nm. 373 105 ’113. 1111311101. Stena. 132. 98.
gracilis. Η. B. 50 105 185. villosus. Nm. 374 105 119. 11110101οο511. 31100. 128. 50.
8111511111οή. 8115. 118105 811111- 1111101101.Ν111.377105180. 8511051111101 11111111. 13071·

18 7· “ 8011151101. R. 810011111511111. etegantissima. 111511. 12859.
1115011111.Κο11. 50105 165· blepharophyllus. 81111. 176105 Tri· elongata. (8111111.) 132. 99.
1001110118. 511111 54 nub 212· 11511010 1. 10110101. 81111. 125. 13.

1110311111811111149105174. 11111101101.Ν111.·176105’151115γ· 10110101. Nm. 124105 3.
luxuriam. 111118. 54 105 244. rum 1. oriostachya. Η. B. 127 105 31·
0110111150. 8. 8. 53105225. durus. Bronqn. 162 105 115. 1110108115οι 3111111 124. 7.
0110011511. 1111511. 53 sub 227. pallidus. 1111111. 162 105 118. 1151010111. Delie. 126. 30.
005111. 111115. 52105215. 0101101111. 111111. 176 105 1111151· 51110111. Ν111. 126. 25.
0111011511. 31111111. 51 sub 208. 1010 3. 5111011011. 75111110 132. 97.

 

