822 lam

04444 41404144. 3114444. 912. 400. 04444 0144441414. Bon-:188 411 1. carex elytroides. 11444 210 474.
1141441414. 3444. 218. 431. 4411414144. Mem 239 441 703. omagium. Scur. 217. 470.
41144414141134. 108. 73. 4444441144. Im 196. 175. 41414414. Nm. 807. 320.
4111144414 1014444444. 212. 404. 1414411144. 0444. 196 411 170. . 1144111411. 0444. m 303.
4111444414. 144444 201 441 248. 144144. 11440. 212. 303. 2144114114. 844. 228 010.
4114411410. seond. 204. 208. 1144411134441. 213. 414. enervis. 0. A. 3494119800.
4014444411. 8441444. 229. 031. 1444444444. 1111444. 201. 247. 4444114114. 7144444. 21041140.
4144464114 1414044. 196170. 0444111414 snit». 183. 0. , 41114144 174144. 201237.
1144141104. 1144. 01. 186. 40. 11441411. 2444. 202. 200 44234411 edoctorum. Poll. 217. 400.
4111444. 1111141. 217 411 400. 007. 44114144. 041. 244 411 20.
cinnamomo. 34444. 203. 270. 04441411. 17444. 209 411 303. erythraea. 841441. 194107.
4144111444. C. 4. umor. 180. 30. 1441114. Boou. 201. 243. 4440441104. 84411 104 411141.
414144444144. 1717444. 208. 040. 144111414044. 18415. 244114411151114404. 184. 12
0441444114. Boou. 232 074. decipiens. 71444444 186 441 40. 4411144 Ham. 284. 701.
4144440114 114444. 236. 711. decomposita Dew. 194. 100. 41414444. Ρ444444 237. 701.
4144444. 714444. 289. 707. 1441444444. 07144444. 211. 307. 4444144. Pupp. 241. 781.
414444. Boou. 102. 127. 0411140414. Gay. 190. 103. uilis. 0444. 183. 8.
cognata. 1144441. 241. 7704 14441444 Hom 221. 510. 4144144. 04441. 221. 023.
colchica. Gay. 180. 80. 1414111144. Ρ4441. 188. 70. 1414444. 71444444 210 411 378
41114444 0444. 218. 477. depauperata. (7441. 288. 005 ot 441144. 844441. 189. 82.
collina„ 17011. 217. 408. 234 411 001. 1114104414. 344440. 224. 002
4411111414. 17444. 203411278. 1414114144. Hom 344444 224 1444141141. 11444. m 310
0411111114 014044. 194. 100. · 411507. 1441144. 34441 104144.

⁰ 4414141444. scona. 207. 320. 14144444. 141441. 214. 203. 14114. Nm. 234. 700.
1114114444. Gay. 237. 720. nummii. 314444 287. 727. ferruginem 84114. 220. 021.
commum 11444418041187. 1441444444444. 197184. seminem 844444423θο718
4114144.34444.241.777. 1114144. seond. 238 730. 1444144. Dm. 108 100.
comptem 11. 34. 213. 427. 1141144. 34144441. 104 411103. 1444444444. mua 199, 212 4441
4444144444. 11444444. 214 411443. 1141444. 34144. 211 411082. 203. 214.

, computu. Krook. 210 411 374. digitali& thbry. 224 411 507. 0114144. Nm. 207. 335.
1414141444. 7444. 202. 202. 11314404. 34144444. 224 411074. 41114114. Num. 180 40.
composil- 31144. 231. 004. digium. 14144. 231. 001. 81111114. R· 34. 244 44110.
41111114. mr. 219. 430. 11144444. 11444. 4444 ie. 44444. m 0111444414. 14144. 234. 000
concolor. 11. Br. 212. 307. 411037. filiium 01. dm 218 441 471
14144144. Ν444. 204 411307. 111444. 31444. 222 037. ’ 0111444114. 014 ml 411520
4411414444. Nm. 207. 334. 111441141441. 8444441217. 424. 0114111114. 04414210 4411411
14114444. 1144144. 194. 147. 1141411144. 183. 1. 1144141444. 84114. m. 024.
conglobata. 314 220. 010. 11444144. Nyl. 201 411 237. firm». 17441. 229. 023.
41141144. 84141224. 000. 4114144414. 0444. 200. 233. rinharim Gay. 183. 4.
1111.. ..W ... ”⁴ ....
ω 4 4 00⁸· m '
4441441444144. 704. 11414114. 11444444. 198 411137. 1144411114. 3444441. 190. 210.

,1441411444 M 144144. 228. 1144441444 117171. 208 274. moment 11444. m. 140· .

022. 1144444 1444 m 047. 1444. 144 220. 518.
contii. 114444 194. 100. 1144414. 11444. 444 it. 223 411040. 4444. 34444. it 221 411017.
4444114144. Pom. 216. 407. 1144414. F& 1444 223 411053. 1144444444. 11444. 221044. ι
mnsam. 44414444. 1441114444411444. mummium&
1144444. 71441444 220 411007. 11441414 114414. 18941107. 501.

444444. EM. 237 411730. 1144111144. 11444. 233 441 070. 440114. Mys. 228 411147. “
crum. 11444. 236. 713. 114144. 114444 184. 01. flexili» 0444 204 441304.
44114114. Boou. 202. 201. 1141141. 04441 103. 134. 4441444 1111441. nl. 011
4411144. 14444. 214. 440. nonius. 041241. 782. 1144441444. Eum 210. 470.
1444. som. 444414. nummu-mmm. 4444444444414144444
44141444. 1111144. 207 4413281· 44 0441411444. 212 300. 411 005.

2084441344. 0411444411444. Dm. 186. 43. 14141444. 844441 208 271.
4444144. Nonam 742. ’ Drymou. 14441281. 401. 4444411044108108
em 44441. 04444144. 102. 122 44411 mophim 24444444 238 741. 1444114. aa 167. 02

110. 1144. 34444. 191. 111. 4411444. Dm 182. 128.
4174044414. Novar. 216. 400. 11441411. See-d. 221. 025. . folum 1444. 240. m
1741444414 Dm. 210 441 400 1141144414. 0. Α. Meyer. 187. 00. 1101441444 m 241. 444 777·
ermonem 344444. 219. 300. 4114144. 34444233411008. 11444444. 0444202201·
cmm 4444114444. ..1441444414 m. mm mnam-¹²³²
4444144. 1444444. 187. 00. Echionii. 11444. 220. 012. 4114204.

4444444. ,108100 4044424444227411007. 14444441. 1710121601.

4441444 4414444444 mmmm. mmm-ww
· m 411 557. 41444. 144444. 204 200. 411 702.

mult-All. 188 78. olo-,mom 8444441218. 413. 1144414414. 18427.

mmmmm. «mmmmm mmm sua-1¹¹¹·

44414. 04441. 199 441210. 21044411. Torr- 241. 771. 302.

m mmmm. 1444444444444 &maan-,must

 

