18188. 441

adiciunt 11888 886 888 888- 'impungnatum (8188828388846. 4188888888 88888. 248 888 68.

qm 5. 1188881. 081888. 286 888 19. hirta. Schrad. 228 888 47.
mut& Tm. 190 888 38. Antimachus. 818818188888230. 9.
colom Ait. ll 888 21. 81118888 1111. 87 888 664. hispida. 18888. 238 888 4.
micui. 18881. 194888 14. ruins. 1111. 87 888 668. 1188881888 8888818. 230. 14.
418188. 1888. 193 888 87. 8818888118. 0888881. 338. 1188881811. 81818818. 428. 454·
Dum 1188 193. 1. Quom. Goud. 338. 1. 8881188. Putem 230. 12.
&nundinum 11 8. 194. 12. Avens. 188. 229. luponio& 31888. 231. 19.
Ερίωοι 118 187 888 6. 8888818188. 1188881. 230. 16. intermedii· 188888. 230. 3.
{menidam Dus. 1988881. 88888μοί8888 118188428294· 1188888γί.118188.238. 77.
imon. 08888888 194. 7. 8518811188. 98188. 228 888 8. 188188188 Lini. 233. 88.
81881818 118888. 19688812. 8888881188. 081888. 226 888 18. leonins. Suud. 228 888 42.
multidica 8888881. 188 88820. 8188 1881281814. ’1888888881881188811234 61.
hyperborea. 1118 236 8881111888· 81888888881181822988869. 1888118ςὶ888. Gai. 225 888 14.

tit 2. 81888818. 11881. 226 888 23. Loofflingim. 118 228 888 13.
181888. Data. 196 88814. 818188 388118. 232. 38. 1883118118 1188. 233. 81.

88288. (saud) 194. 14. amethystina. 0188. Dee. 231. 30. 8881818888. Durior. 233. 60.
liuh. 11818. 196 888 9. 8888888811888188322818840. 188188 1188881. 232. 48 88428. 451·
88888 11888. 196 888 7. 88888688 11. 8. 234 888 67. 18881188. 98888. 181188242888 51.
lm 11888 187 8883. 8818884188 18888. 228 888 41. lupulini. 171881. 243 888 64.
littorei 388888. 1878883. 8818888818. 818881. 233. 49. lutea„ un. 229 888 66.
maguntiensis. 1188888. 194. 6. 8886881888. 18888. 242 888 40. 888888. Bam 238. 72.
mauritania. Dus. 194. 3. Baumgartenii. 38888. 233. 56. moeri. 1188818. 226 888 28.
8188811888 888898 194. 8. Boniti. Grisob. 232. 44. 8888888888 stand. 242 888 41.
uitis. Low. 330 88815. bipartito. 1181. 246 888 96. maxim. 18881 238. 84.

multiplex. 18188. 330 888 16. borbonio». 31885. 234. 64. mollis. 111888. 228 88852.

11ὶὸ112. Ε Β. 194. 4. brevis. 44018. 231. 23. montana. Brot. 2318. 76.

818138. Tm& 197 888 0888811181. 8888181188188 23129. mysiam. 111888122688819.
accidentiis. 3188. 194. 12. byzantina. C. 11888. 230. 2. neglecta 8881 228 88811.
panicium 18811. 246 888 92. 8811888 1188888 238. 79. „igni 1178118231. 24.
1888888888 Lm 198 888 Pingui· 88188188 viu. 246 888 106. uitia.. Das. 227 888 36,

888 9. cantabrica. 188888. 232. 34. Nomii, Parim. 425. 491·

pssm- 00111440. 194. 9. 0221112118. Μ. Κ. 221 2011 38. nudg. Mn. 230, 7.
8118888818. Low. 193 888 86. cmiii. 88188. 428. 724· numm Pml. 294. 69.
Plinii. Tm. 194 888 3. 88188888 11888. 231. 27. manlii, Solu-ob. 230. 6.
panim 18811. 262 888 171. caryophylloz. 888188. 231. 28. 8818881188. 118188. 428. 73⁶·
18888888888881188388888188888 88188888.11888.230.18. pilleum 1181. 238. 75.

9. 8818888188. Lini. 225 888 12. paludi„ 111888. 242 188 99.
08118. 118118. 198 888 amrium 4. 818888 11881818. 234. 65. punam. 111888. 228188 51.
(18118. Poir. 337 888 7. colorati. 31888. 241 888 28. papium. Smd. 239 888 8.
Beymdim. 11188888. 194. 5. compieta Boin. 233. 47. panium. Dus. m 888 7.
nuga 181188 198. 16. 88888888881188181. 232. 36. 8888111888 wilei 228 888 9.
8881888818818. 18811. 248 888 84. convoluta. sz. 232 888 43. 8888888818. 118 238. 81.
micis. E. B. 189 888 27. 8188888818 Boiu. 888 227. 30. »8818188188 98881. 244 888 40.
strigon 1781888189 888 34. desertorum. 1888. 233. 59. penio.. Sena 23017.
iyintiet. 88188811 18988824. 8188888888118 Hori. 226 888 16. 8818818188. 0881118. 229 888 68.
88888188. 1888. 331 888 21. 8888888880». Vin. 226 888 17. pilon. 88881. 231. 20.
tmu- Durani 138 888 Ampelo- 81818. 18888238. 85. pilon.. 18881234 888 70.

demon 3. 8188888688 rimi. 283 888 58. 8188188188. 388886. 232. 35.
tibialia 11888. 196 888 7. elongati. Η. Β. 228 888 55. 18888811. mni 238. 83.
mora 11888. 197 888 4888188· 88188188 Due-im. 234. 66. putentis. 218 231. 26.

888 3. 181188. st 8. 232. 41 81888 43. 1³1oe!st 118888 234. 70.
8181181088. m 194 15. fallu. 118188. 233 888 46. 88888118 Onu. 294 888 30.
1811181888. 1188118198. 17. fallax. 981118 232 888 45. 888888888- Lim 231. 31.
1181181888 stetui 194. 2. 18888188 230. 8. purpurea. 111888. 24288847.
mummi 18388. 226 888 28. 81118118. Laqueo. 233. 50. 8884818888 18811 172 888 123.

imni 888888. 0111888818. 118881. 172 888124. quinquennes. 31888. 228 888 48.
8831188818. Hou- 287 888 28118· 111118881818811. 174 888 142. rigida. 81888. 243 888 52.

188 1. 0888888 8888881. 233. 58. rubri. 2888888. 230. 6.

maida. 1188888. 2 888 10. 11888888 18888. 222 88848. 1188888881. 681888. 226 888 29.
0888838888 13. 18188881.118888.’23488867. 88688188 2301.

&nonii 1118. 13. 2. fragilis. 188 234. 68. 8888888188. 78188. 231. 33.

nminem. 118818. 13. 1. inguim 1188888. 324 888 82. 8888888888 laquie. 233. 48.

88818888. 11888. 13. 5. geminium. 118818. 234. 69. 8888888888 All. 233 888 55.

mnis. 11188 13. 4. glabra. 0. 11888231. 32. 8888888818. Dee. 233. 4281881843.

fongo. 11888. 13. 3. glauca. hamt. 233. 57. imperviam 17111232 8108188843.
ithuman. 1181888. 88818888 spo· glomerata. 81888 242 888 43. 8888818888 088881 232 888 45.

888 glumam. 111888. 246 888 101. sesquitertia 118 231 888 81.

milium. 8898188. 214 888 0888- [8881118118818228 8885. 8818888. vm. 232 43.
&nim 8 11810τοί888. Parim. 233 46. 81818188 148 129 888 69.

unu. 8888888 86

 

