mm 11111411
31111111 191911411111111114.
1111111 3131111111118.

4111111111 C. 11111237.
pontia 0. 11111. 1.

ammon. 11 3111111. 237.
1111111111. 11 31. 1.
apamia 3. 31. 2.

4111111. Nm.

1111111111. Neu. 210 aab 26.

4101111111. Bam
1111111. 3111111137 1111334.

4111311111. 311111. 111.
1111111111. Rich. 111 aab 4.

, 1111111111 81113. 111. 7.
3111113111. 811111. 111. 3.
1113111 311111. 111. 1.
1113111. rme. 111 sub 4.
noemma 11111. 111. 4.
[ami. le. 111 11114.
punica 31111. 419. 4⁶·
1111111111. Nm. 111. 2.
3111111111 311111 111. 1.
71361- spf· lll· 3.

4131111111 bia 399.

1111111111. 1111111. 400. 8.
11111111. Nm. 402 82.
11311111. Nm. 400. 17.

1131111. mua 401. 18.
1131111. 1111111. 2111. 400 aab 3.
arguant. 1113111. 401 111119.
113111 Nm. 401. 14.
1111311111. 11111111. 22.
australia. 12. 31. 402. 29.
1111111 Deef. 11111 40111113.
1111111101. 31111. 431. 39.
caudata Nm. 402. 28.

311111. 111. fil. 401. 16.

31111. 011. 40211129.
&micina Edqow. 400. 11.
cymbam 11111. 393. 1.
0111111111ίί. 11111100. 9.
11111111. 1111114004.

111111 Η. 3. 402 34.
1111111111. Konta. 402. 38.
11111111. R 31. 402. 30.
31311111. 0111. 402 1114111111·

1111.

malou. 111111. 40011112.
111111 Deaf. 402. 33.
ammenta 11111. 389 aab 314.
monica 11111110111.
11111111 11111. 401. 13.
ὴ111111 3111400119.
nghuhuiaaa 11111403 111111111-

11111111 1.

huma (311111) 401. 13.
mammea 11111. 402 31.
1111113111 1111111. 400. 7.
1111111. 111111. 401. 23.

1113111 aava 430. 3.

111111. stul. 402 37.
1011111131. 3111. 401. 20.
mma 11111 400111 12.

“ 1111111111111. staua 339. 2.

maa 1111111. 400. 1.

1111 11... ·’·

11111111. 3111. 401. 21.

abeam 11111. 401. 23.

aaa.

439

4111111111 1111111 31111. 431. 40. 41111111 11111111111111311111 140

tortilia. 31111401. 24.
tremula. 3111401. 19.
villosa. 1111 401. 29.
1111111111. sema. 400. 10.
01131111. 11111400. 12.
4111111111. Ν111. 292.
lepida. Nm. 292. 1.
1111111111. 1111113. 292. 2.
4111131311. Nau.
lapturoidea. Ν1111. 217 1110311111-
3131111.
Authouehno. 311111. 237.
1111111311. staua 237. 1.
4111111311. 3111111 111.
aculeatus. 0111111111111101131111.
Anthoxanthum. 1111. 12.
111111113111. 13. 4.’
1111111111. 31111. 416 ad p. 13.
1111111111. 3111. 367 aab 42.
Carrarianum. Parlat. 13. 3.
erinitum. 11111. 120 aab 1.
erinitum. 111 120 aab 9.
3111111. eim 13. 3.
odoratum. 1111 13. 1.
paniculatum. 1111. 309 aab 104.
311111111111111.1.111. 13. 3.
4111111111τί11. Stena.

pappophoroidea. 811111 199. aab

8111111111 1.

43111. 311111. 11113111111111111111
aab 43111111, 1111111111311, Vilsa.

crinita. 311111. 123 sub 3.
4311111 11111. 1 1111111111131111
Apluda. 11111403.

tristata. [Aa. 403. 1.

11111111. Rota 40311112.

communia. 4111 Nm. 4032.

1113111111. lain. 404. 10.

geniculata. 3111. 404. 7.

humilia. Pmc. 404. 3.

311111. 1311111404 9.

miematachya 4111403 aab 1.

1111111111. 311111 404. 3.

mutiet. 1111403. 4.

rostrata. 411111111403. 3.

1111111. 1311111404. 8.
411113111111011111.

1111111111. 011111. 173 mh Golpo-

11111111.
4111131111. 11111. 281 aab 8.
41111111 1111131. 411.
barba 1111131. 411. 1.
nautica 1111131. 403 1113111111»
11111111 1.
4111111111. Tria 131. 9. 3.

1111111111. 311111. 131 111194.
aristida 1111. 132.

sentinata 11111. 144. 127.

1111111111. 1111111. 133. 73.

11111οωί1111. Lina 133. 73.

111111111111. Savi- 13311138.

ascensionis. 31111111. 13711114.

1131111111 3111111. 134. 22.

aethiopica Rapa 1381111331.

1311141111. 133. 3.

amplissima. Prin. Rupr. 142. 111.

4113111111. Poir. 21711113.

11111111. Tria. 138. 39.

1111111131. stin. 141. 103.
Bayn'ehiana 11111. 111131. 13312.
bipartita. 71111. 140. 94.
1111111111 (311111) 144131.
1111111111. 11. B. 137. 30.
11111111. st Br. 140. 93.

mariansis. 111113. 138 1113311. ’

11311111. 1111111. 141. 144.
capillacea 1111 134. 21.
capillacea. Cav. 140 aab 84.
chaetophylla 311111 wo. 1030
1113111111. Tria 133. 48.
1111113111. 311111. 397 aab 431.
1111111. Das. 143. 124.
1111111. 311111. 1111111. 1441111133.
1111111113. B. 137. 31.
1111111111. maen. 142 sab 108.
1111311111. Duas. 138 88.
111111111111. 11111. 1111 11. 1111.
1381111139.
1111111111111. 11111. ma 11. 11311.
13311173.
1131111. m 31131. 13713.
1111311110. 11111 131. 34.
concinna. 3111111. 144. 133.
11131111. R. 3. 142. 108.
crinita Pml. 131. 37.
omagium. 11111 Bupr- 140. 84.
curvata. 71111 1381111331.
1111111111181113.) 141. 102.
decorata 811113. 421. 1211·
1111111111. 1111111. 133. 82.
(3311333βί33. saud· 1³9· 83.
depressa 11111. 133 1111 331.
(1111111111. 11111. 31131. 134. 21.
(1111111111. 111111. 132 1.
(113111. Tria. 142. 112.
dispersa 11111 137 11117. 31. 32
1133.
divaricata H. 3. 133 aab 41.
11111111111113. 1331111 42.
1111311111. Neu. 144. 129.

. 3111111133. 71111 138. 71.

elegans. 3111131. 134 aab 21.
3111111111131111.) 133. 8.
1111111111. 11111111. 137. 33.
melcoma 1111. 134. 23.
1113111111. 3111111 420. 304·
11111111111. 3111. 1381111360.
flaccida 7111131311. 131. 39.
111111111111. 13113111. 142111111114
1111111111. Pria Rupr. 142113.
(1111113111. 311111 137. 19.
31111113111.(311113) 144. 130.
3111111111. 311111 133. 10.
3111111. 11111111. 131. 33.
31311111. ain. 1381111 361.
3111111111. 311114. 133. 33.
311111. (scona.) 131. 30.
3111331111. 3111. 133 aab 13.
31111111. Bu. 133. 2.

3111111111. 11111 139. 74.
1113311111. 311111. 144. 133.
hordeacea. 3111111. 142. 109.
hordeacea 1111111. 142 aab 110.
31111Ιά3111. Tria. Rapr. 13341.
humilia. 11. B. 137. 17.

11111111. 01113111. 142123. ¹ 113111111311. 3. 31. 141. 122.

 

