496 ,Inda

4166666666 66661116. 16113167. 4. 4666666666 aethiopicus. 11666. 372. 4666666666 brathy-mem 116616. μ,

3666616668166314936. 102. 31 84.

indicus. 116. 108666 76. 66161611. Br. 981 212. breviarium. 81666396. 424.

1666166. 816. 866 148. 19. affluis. Pml. 993 666 372. 666νί161161. 8666616. 96626.

166661666666. 1161. 149. 25. 46661666. (81663) 396. 400. 666616. mu 376. 791

1611161166. 066. 160. 40. 406616ιὶ616 (81663.) 383. 248. 8666616. (81663) 398. 442.

66661661. 81663. 148. 12. 41116611. 1166. 967. 36. Bromi. 116611. 968 63. 5

666661666666. Poir. 147. 3. 6166666661666.1.16 407666 34. 6666166. 8666116666938666309. 2

mutiens. 116661. 111611. 148. 10. alternans. Praei. 996. 416. 66666166666. Rich 966. 14. .

6666166616. Trio. 148. 8. altissimus. 06116. 999. 370. 6666666616. 86611. 366. 17.

6166666666 1666. 148 666 20. altissimus. 1166161. 384 666 263. 6666661616 1616. 978 666 174.

666661. Forat. 160. 39. ambiguus 81666. 985. 271. camporum. 7116 978. 174.

666666. 11. 6. 14866611. 6666666666. 81663971. 86. 66661666. 11616 364. 2.

86116611. 1616 149 666 32. 666 (6.1661666 116663731οθ 6666661666. 866611. 368. 98. 3

66111666. 17661661. 149. 24. 6661166666 81663988. 307. 6661116616. 866661961111666626.

66616666. 116 183 1161666666 1. amp 166 1661378183 6669666666. 81663 997. 432. “

66616661666. 0. Koch. 149. 32. &ugus 66666. (81663) 970. 75. 666166666. 1166 966 666 90.

666166616116. 148. 20. 666661116Ιί6. 11. Β. 968. 55. 66666166 Nm. 377 . 171.

purpurantem. 1161 149. 29. 6661616666. 16611, 980. 201. 6666661666 11616. 991. 399.

66666666 8616. 147. 6. 66666166. 81663 397. 436. coresium-mig 8166383212.

textilia. 116116 149. 31. 6666666666 8663376131. mun.. Roeb. 894. 382. ·.

666611666614933. 6ι6ι1661661666.116616.388 363830881οω amp„ 381. m 2'4

6616616666 smack 14830. 6666666666. Nm 319. 133. Μωωιηωωεηι. ζ

6661166166. Pon. 148. 33. 6661666. 1616. 990324. 661666616666616163646. ,ζ
“ 6661666666. 81663 148. 16. 66666161. 81663 374. 127. 666616166666 1663111141399497. ,ζι

11666611. 16116 148. 18. urgentem. 1166. 991. 336. ⁰ 66η6666666661. 81663 977. 169. ,ζ’
46661666666661. 866161. 419. argenteus. 811. 991 666 337. 61116616. 1616. 964. 3.
mmmm... 3339811333 3183336331

6616661166 Boiu. 428 666 194 66166666. 8616. 380. 203. cinctus„ 81663 998 441. ζ
‚paganam 427 ιιι 19. 66666... 6166666133. 6666866666666666166. ξ
4616666113 11661. 199. Μ 6666616666. 1166111. 397 666424. cimus. st ΒΥ, 334, 288, ”⁴

66666166666. 11661. 193 666 84. 4666166666 (81663) 376. 139. anamim 3381383802.
466616666666. mk. 196 46661611. Nm. 980 166 207. commu. 36616335, 406

6166166. 116611. 196. 2. 661666666ιί6. 1166161. 386. 276. operulam. (81663) 393, 104.

6116666. 81663 196. 3. 666661666666 111113 393. 439. popum smd, 374, 228,

1666611661. 196. 1. 666661666666. 8666 .990 666 332. 8880188386 sm& 338, 282.
4666666666 Nm. 328. arundiuem. 8666. 9941663114 6666616166. 81666. 987. 291.

1168611. (9446113928. 1. 6661161111. SM. 397. 433. commem. 818613, 431. BN·
4666666666. 116616 66166666.(31666.)376.159 66616666 sp. 391. 340.

2666611. 116611. 361. 61166666166666 81663 381. 218 mom Ηοςιμι 338 mh 282.
4666166666. 11666197. 4666661.86166.968.437. condam Η. Β, 334 269.

6666666666 11666137266666161666 81663 979. 109. contemnum. Suu& 885. 267.

6116616.11’666.197.3.6666661116666 81663 980. 199. confinis. 1166161. 386. 280.

1166611. 1116661911. 666666. 111113 Bury. 412666 6. conum 1166161. 387 666 291.

1666116 111611. Am 197. 4. 66666116. Spr. 892 364. 6666161116 81663 994. 396. ζ
4666166666. 11. 86666 198 166666666 111616. 992. 368. consumimus. 86614. 984. 269 “

cygnorum. Nm 1981. 6666666666. 11661. 379 666192. 6666666166 116 367. 37.

6661116. R 86. 198. 3. , 666666666. H. 8. 994. 384. nonum 811 ³67 mh 37. “

1666661666. 11 86. 198. 1. masfla-cite. 11161137966189. 666166666666 81663 391 666 349.

61616166. st Br. 198. 3. 6666166666. (31663) 976. 144. 6666661686. Stena. 976. 167. ³

urbinum. R· Br. 198 1660416611· 6666166616. lapan. 399. 494. eominus. Hocm 372 ab 102. '⁴

thmm 1. 866166616666. 81663 382- 236. 6666116166. (81663) 369 666 c& ““

46666666 NooezAntehyrium. Nm. 30:311.ss 8 996 332. 6616616666 71666. 994, 386. ἱ
4666666166 Nm. 99. Remmium 81666. 380. 210. 6666661166666616(86663)377666167. “

6666661666 Nemas. 1. 6666116666. 81663967. 46. 66166666 81663 376. 130. ³
6666666 6....6666666661. pamm. 6161661. 161. 668133666661616 .

ς, 23 6166166. 8666. 994. 383. 666 866666166661 1.

1166666. 86666. 999 666 328. 6166166. Nm. 389 666 317. Cmpim. (36663) 394. 383

616666611616616. 984 666 263. 61661616 Lim 990. 328. 666-61616666 stud 376161

63661666. Nus. 394666 394, bifidus. (81663) 979. 113. captim Smd. 391). 327.

ffifflwffissffa· Nffifflfflm &mmm
4666666666. 1166 369. 6166166. Rau. 972. 96. 6661666166. 1166466 400 6662

thymiam 11. 86. 371. 89. 666666616166. 1166161. 372. 101. 6661613666 81663 981. 227.

6616616666 Rota. 993 401. 11166611. Rau. 979. 198. 6661116. xus». 966. 27.

nulum 16664 398 666 496. 8166611. (81663) 379. 112. 4666166666. 11. B. 993 m

6666666661. 118661. 119 666 11666- 861661. 81663. 491. 3271 6666666666 86663 977. 163.

1163. 666666666886386270. mmmm
mmmm 6666666661681663982290. mmmmm

 

