15555

Q 1555555 5515555 551 5511155155 15515 555115 5551155 155555155515555, 55555155 15515 55551515 5551155 amm 5555151 15 555 pegia

A.

155551555555. 35555.

emmam 35555. 122 555103.
1655555155. 35555.

15555. 355555. 151 55510.
15551555. 11555151.

5555565555 11551191 555 606.
15555555. Nm. 211.·‘

5555551555. Nm. 212 555 13.
1551555555. Home.

55511555. Home. 115 5555.
kenelmum. Steud.

1555515555. 61556 300 555 5555155-

mm 2.

namet 615511 309 5551.
1555551155 Bm. 234 555 66.
1515555155. 15111165.

55515515. 11. S. 214 555 chonam»

51555 6.

mpla 11. S. 555 6555515655] 7.
1551511115. 71555.

115515 Prin. 294 555 22.
1551555 bin. 354.

15155555ίά55. 056555. 355 55526.

1155555555 657555. 200 555 22.

Augen. Boin. 355. 24 51430 55

11551515. laub. Spaoh. 355. 16.

5551515. Lien. 355. 14.

1155515. Sibe. 351 35555517.

mm 6151. Sm. 356. 29.

5555515. seond. 356. 30.

trun. 35155. 355. 23.

6115551555. (55511355. 20.

1111555155. 11551. 35555514.

minaria. 655555. 355 55517.

1111555155 6151. 355. 355. 16.

15515515 15515555.

Echinus„ 0511555355. 32.

1551511115. manco 356. 33.

mimis. 6555131410.

nm. 11511356 555351555155·
56151515. 35513541.
15155551. Boiu. 354. 11.

kunnu: Hoem. 354. 2.

bum 7555. 35555. 356. 26 51

wrm 7555. 655553
43055355.

15515515. 655. 363 555 63.

1111155. 6515535522 51430 td

45511555 55515. 5153541.

55515. Pollia. 354555 4.

persica„ Boiu. 355 555 16.

51515515555. 7555. 65555. 355. 25.

5155515515. 61555. 354. 12.

5551151555. 75555. 355. 19.

55555555. Lm 355. 13.

55555555 111116. 35555521.

’15555511 Conon 355. 17.

1555151515 51115354. 3.

1515551οοί5155. 1555. 65555. 365. 27.

1516551555. 7155. 354. 7.

1516551555. 11555. Mus. Lug. 351. 356

555 31.

1515551515. 0555. 354 555 7.

1515551515. 11557551 354 555 6.

5515651515. Stena. 354. 9.

5551515555. Yavneh. 355. 21.ῖ
6555555555. wind. 146.

5556551555. mua. 146. 5.

5551513555. Η. Β. 146. 4.

5551155155. 61556. 146. 6.

55511155. 35555. 146. 3.

551555555155.11. 6. 146. 9.

51ςί1155155. 615511. 146. 7.

5551550555. 11555. 146. 2.

1515515511. S. 146. 9.

5515515511. S. 146. 1.
Δ51555555. 7115. 2917.

bombycinus. Notar. 423 555 115515·

115 21. 6.

5555115555. 7115. 29855517.

laevia. 7115 297555 9.

pubescens. Trin. 298 555 17.

51115555. Prin. 238 555 16.
55551555. Nm.

551555. 1155195555 400.
55155155. Bm...

5155115555. Nm. 164 555 20.

5551555. 115555. 166 555 42.
4555555555. 655515 1155 Triticum

1115555115ουί. 11551. 651556. 344 555
4555555555. Tria. 146.

55555. 7515. 165. 39.

aemula R. Br. 192 555 74.

5555153155. 192 555 75. ·

5555515 Nm. 163. 74.

5555555. 1155555 153 555 6.

5555155165 1115. 170. 101.

xxm· 5565555155 55111115 55515555·

155551551ῆηὶ5. 351511. 163 555 120.

5155515555. 61555. 172. 120.
alba„ 1155 165. 65.

515155. 7115. 167. 59.

algida. Ρ1155. 147 555 11655515 1.
5151556555. 163. 76.
51115515157551555555 163. 12.
55515115 1111551169. 69.
anomala. 111115. 165 55530.
5515551155. Hook. 172. 127.
5555555. Tria 167. 61.
5555555ἰά55. En. 16315.
55555551555. Ρ515. 179 555 25,
argentea. 651555 97555 606.
5155515555515551. 174. 149.
5555511595. 7115. 163. 10.
5555651555. 61556. 422 1261·
Bergium. 71155 171. 113.
1115555515151555. Clam 169 55563.
Β1115551551. R. Br. 174. 142.
3551151551. Scabore 217 555 5.
5555555155. 61556. 170. 99⁶·
borealis. 1155155 166. 44.
555555515555. 31556. 422. 221·
555555555115. Nm. 175. 150.
5555555155555. (355511.) 175154.
5555915555. 65516 555115555515 2.

· 5555115115. Nun. 175. 157.

5555155511551551. 175. 153.
byzantium Bois.. 405. 621·
5555515555. 0556151. 164. 22,
5555511555 Pml. 172555 125.
5555511555. 1555. 171 555116. ·
65155555551151651. 132 555 103.

. 5551555155. 7115. 170. 94.

55555515. Tucim. 164. 29.
6555151151. Ρ55151. 167. 66.
canina. 515. 165. 42.

555155. 111115. 167 555 63.
55555515. 115. 34555 11.
55555515. scena. 171555113.
5551115515. [Aa. 169. 62.
capillaria. Leon. 167 555 63.
5551115515. Ρ511. 169 555 63.
65555555155555.75155 172. 116.
(155555155ουί5. Prin. 174. 141.
55115555. 115555 166. 53.
5111515. Bam 315 555 202.
5111515. 7115. 174. 139.

5111515. 25555. 16355514.
5155555655. 1111555. 161 555 112.
515555. Sem 169. 61.

5155515 7115. 16455527.
55551555. 71551555 166. 64.
conforta. Nm. 515555. 163 555 4.
5555515. 61556 421. 221·

55

 

