16111661.. 1666666116. 16 amm 66116. 11.

dunensis. Β1666 262 nub 33.
6111161 Ham. 2661116 31.
6666111 ste-a 262. 133.
collina. 11611. 260 166 3.
66161111 61616 262. 33.
6166616616. 61166. 261. 163.
comptem 136. 261. 23. ·
conceptionis. 61663 269. 112.
continu 0663 206. 6.
conformia 17161269. 131.
conglomerat& 11661. 2606166116).
66661611 3111. 266. 33.-
mumma. 611113. 260. 161.
convoluta 11611616 286 sub 21.
6111111 &hm 261. 30.
1166111 uim. 261. 130.
0166111611 7116. 260. 130.
cum. 17111269. 135.
dactylum. 61161426. 1132
0161616166. 11. Β. 260. 113.
61661161 11111. 266. 73.
6161666161661. 61163. 268. 123.
3161111. 7611261. 133.
decipiam. 1111 266 1116 33. ,
deflexa. 11661. 266 1116 72 6611.
delicatior. 61366 266. 32.
6111611611 malm. 260166 7.
6111116111 61166. 269. 133.
6161666111 Η. Β. 260. 111.
depauperata W. K. 281 16627.
6616116166. Prin 261. 30.
61111611. 1161626616613.
6116161 Sem& 266. 36.
61166611 stim 261. 32.
diffluet. ss Br. 210. 33.
6161112611. 11. 3. 264. 31.
611161. 11611. 28616613.
61111661 117611. 296 sub 13.
660666666111. 0662 260. 10.
6111116111. 06666 287 sub 33.
vonginsi. Nm. 261 sub 133 11
0166666061. 71211262. 132.
66111. 11111261 16613.

61111. 6166. 303 16611.

offan. Nm. 262. 173.

elegum. 11 Βν. 279 1116 233.
elegum. 11616. 2661116 13.
mineum 1661661161.
1116161111. la'n. 263 sub 3.
61666611 61166 268. 113.
6111111111. Stant 426. 311·
6111661111 161631. 166.
11611. (36631111. 36.
1111111111 36111261. 21.
11111111 11611. 261. 13.
widult 36111. 261. 20.
naviam 61316. 263. 13.
1116611. mm. 286 1116 12.
61111611. my. 11611. 26016610.
1116611. Sunia. 2601116 3.
16111111. 316116 260. 163.

nin 1111. 263. ,53611116 7211611.
mmmm. 7116. 269. 133.
0111616111 3. 261. 23.

genas. R. S. 264. 33.

611611. sudek. 261 tub 21.
mem 711111. 209 16621111·

Ma

61661116ἰά61. 11661. 260 (661616).
61161111. H. Par. 266. 33.
616661166161. 61666. 262 10.
6111611611. neubon. 260 snb 10.
6616666601. 3111171261. 13.
6661111161. (611611.) 266. 32.
6161116161 17111266. 37.
61111. 1161626311.
Euhemeri. 7116 266. 76.
6616066611. Ρ1111. 260. 117.
6666161111 Nm. 262. 131.
humilis. 0. 116611. 177 sub 06166-
6111616.
hybrida„ 36161. 2601116 11.
666661661. ham. Salm. 274 166
1166661111.. 61113. 263. 133.
iberica. Hore. Pam. 266. 73.
implet& 1116 262 173.
1616666611. 61166. 262. 11.
interrupta. 11611. 267 16667.
1666611661. (61163.) 267. 103.
1111116621. 116111. 261 166 27.
161161161661. Prin. 268. 121.
6160616163. 611611 262. 172.
1161166661 61116. 262. 33.
116111 11. Βν. 262 171.
6111611211. 361116 261. 132.
Longum. 11616611. 261. 23.
11616611 Nm. 268 117.
1166616611. Pm'r. 267. 113.
langon. 11161. 261. 3711266 tub
11612.
lm. Haonk. 250. 3.
lepido. 11166267. 112.
1661661161. 1166611. 266. 100.
1661666161. 7116 268. 47.
1161111111. 17116267. 113.
11166111 2161. 266. 31.
11611111. 7116 266. 33.
1116616161. 061111. 260. 12.
1111611111 Gom 297 1611.
1666116111. 7116266. 73.
6111611161. 1111. 3161116 203.
maritima 11661. 286 16620.
masoviensis. 161166. 298 tub 20.
6116661661. m. 262. 132.
1611116161. haym. 2711116133.
11666611. Ram. 268. 121.
miliaco& 11111. 261. 23.
minor. 0666 260. 1.
modest& 1661161. 261. 170.
6166116611 0661 263. 130.
minensis. H. B. 260. 115.
neglecta. 61166. 262 60.
nemoralis. 1611 261. 2211261 tub
6611111. wald. 28616612.
6111111. Eu. 273 sub 112.
nodosa. 1116262. 130.
6611166111. 1613161133.
obtusa. Ν611. 286 111611.
obvanam 6661. 266. 113·
6611616616. 1101 253· 51·
ungaria. 61116. 426. 1190·

611111. Τ ineo. 260. 2.
6116666666. Nm. 266. 113.

6111661. Poir. 257· 110·
61666111612611142616266. , 1111611111. seond 426. 301·

596

461

’ 26166166111111111161128111623

6161161661 0161627266 133.
6111161111 11161. 266. 72.
6161161161. 16. don. 286 166 3.
penit& 1111 266. 31.
6611116166. 11666268. 127.
Philippi. 61166 126. 1101·
6616616666. Tria. 264. 63.
plebei& 11 Br. 282 173.
6616016161. 1161616. 33 11166
72 6611
26116111. (6166111267 tub 107.
polypus. (6166111266. 30.
6616661661. 11. Br. 2791116 222.
66166616611661 Nm. 263. 133.
6611111161. 611116. 262. 173.
pratensis. 1111 261. 17.
prolitare. 661116. 277 616113
616111111. Η. Β. 281 nub 3.
6116116161. 16611661 116666·
111 .
6106616111. 61666. 266. 31.
616661666111 Boiu. 126. 10⁶-
66661611. 61163. 266. 33.
6116111611. Bm 268. 120.
61161111. 11611. 260. 3.
...3 116..

6616661661. 11. 217166 111111·

= 6116.

1166111611 17611276166173.

11616ιί11161. 11661111. 131.

minor». Dus. 261. 27.

1661611. Η. Β. 269. 213.

1666111611 liupr. 261. 36 11266
166 72 6611

minum 6211262137.

rigida. 616 3021116 3.

1161611661. 61166 260163.

1666111. sm 426. 1331·

1161661661161 36611166 16631.

1166161161. 11616266. 33.

micola. Hook. 262 177 61 1611173.

66616666161 anm. 266. 33.

6666116111. M 262. 31.

1616661161. 11661. 264. 70 61266
1116726611.

1666661 1161268 123.

66116111 Nm. 267. 113.

1661666111. Prin 261. 16.

16161161 1111171261 1661311266
nub 73.

serpentum. 11116262 131.

6116111161. 661. 262 1116173.

1116116111 1161161. 266. 33.

11161ὲο. 17661. 264. 33 61266 snb
7 6611

tinniet„ 61116. 266. 37.

1666660666. stin 266. 30.

1616111 116 261. 11 (11262. 32
6111616661).

1661666Ιοὶ666 11161. 287 tub 32.

6616666111 116111. 262 166 173.

1611111611 6111111. 267. 101.

1116111611. Salsa 2711116147.

1166661111. 1116 263. 13.

sterilis. 21111. 266. 73 11 262 166

1161666111. mm. 261. 133.

 

