15155.

05505 nenbrunnen. Bm.ae.1e7. 01515515 gracilis. 0555558 206. 40.
cnutum. 85555882555051511155. 1. 55551115. Η. Β. 208 555 0.
5501155555. 115555. 217 555 18. 5515555515. 851555. 208. 70.
diutim 11555. 186555 40.
1555555151. Nm. 141 555 100.
agitium 11555. 1155551. 138 555
51 81. ,
mn. 11555. 185 55531.
55555555.115555. 235 555 80.
51555855. Nm. 140. 04.
Mn. Nm.
15555555ἰά55. Nm. 48 555 158.
155515555555. Nm. 243. s. 4.
emmiu. 1155515. “
55055515. 115515. 184 555 17.
1555155555. 1551. 185.
5585515155. [Aut. 185. 1.

555-5555.. R. Bm
hordeacea. 11. Br. 48 555157.

1555555515. Nm. 48 555 100.

55558555 11 Bt. 48 555 109.
0555555505. Borea. 187.

minimo. 055511. 1881.
mytram. 11555. vido 85155.
matathiam. 1151.

mile. 1551. 280 555 1151515 3.

55155555555555 1550280555 11515-
1355551515. 81558. 382.

chilonis. 81551 3821.
0505515155. 115555.

1551515. 1555 480 555 0555155155·

55 1.

11155510 115555. 151 555 0.
1515555555 11 05. 10 555 0515 5.

5555515155. 1155151. 287. 50.

5555515515. 15511. 207. 49.

5155 15551. 204. 18.

1515515. 851555. 218 555 Gymno-

pogon 0.

5555855555. Nus. 207. 53.

15515555. 85558. 208. 02.

5555515 8555555. 204. 10.

mmm. 11550. 205. 20.

mu. 115555. 28157.

dim. 8555515. 204. 7.

5555555555 Nm. 055. 204. 12.

5515501505 1515211755.

consanguinea. 115511 204. 14.

ethin 155555. 208. 00.

555115. 851555 286555 42.

mim 8555515. 285. 22.

55551515, Η. B. 205 555 23.

5555155155555 815551. 205555 31.

minida. 87558. 428. 021·

(5505551515. 1115155. 215 555 1.

1555551155. 205. 25.

1155555180555. (85558.) 205. 22.
humilis. 05551. 205. 79.
incompleta. 11575. 207. 48.
incompleta. 115911. 286 555 39.
15555515. 1515. 208. 05.

150515 m. 206. 84.

1515555115. 11555 206. 44.
155155155555. anm. 206. 43.
1555115115. 81550. 2415. 20.
555555155555 11551551. 208. 1.
551555555055515. seond. 206. 33.
55555555 1155551. 205. 31.
5555155555. 1115152112 555 615-

515551.

5555155555. Ρ515. 204 555 0.

5555155511555. 284. 11.

1155551. 11550. 11011. 207. 47.

5551555. 1111102118. 08.

5555555155515. 81551 204. 17.

55515551581554. 207. 54.

5556515. 851555 208 555 02.

5505511515. sm& 214 55585551·
1155151.

5551501515. Pers. 206. 37.

5515555. 15555. 207. 59.

pilosa. 8515555 208. 71.

5058551515. 8555515. 284. 8.

polymehya. 155555. 208 555 05.

5515555555. 11555. 20655535.

pratensis. 1551515207 555 45.

Priouri. 1155115 205. 29.

propinqus. 81551. 204. 10.

55555515. 1151521255511551515515-

51555 0.
pubescens. 155555. 204. 9.
pumilio. 1105. 208. 08.
5555151515. 1155151. 205. 32.
{imm ’3 ²⁰·
551555. 1551555208. 01.
5555505555. 81550. 206. 27.
1155555ψί555. 8515111206. 35.
8555551555. 13515555. 287 555 40.
8515555551. 81550 206. 42.
5155551155. 5151150155.
simplem 851555. 216 555 8.
spatham. 1155551. 204. 4.
5551510555. 85558. 208 45.
5555551155. Η. B. 288. 00.
5551510555. send. 208. 00.
tenens„ 11555. 204. 3.
1555555515. Tria. 206. 30.
triangulata. 11551551. 208. 2.
15555515. 11. 115. 205. 24.
5551515555. a 115208. 04.
11555151815515207. 40. 5111555. Pon. 204. 5.

&lituis H. B. 208 555 0. virgata. 8555515. 285. 18.
mys. ΚΜ. 204. 0 51 216 5815151555055520689.

555 8. 05558555555155. Nm. 288.
8555555505. 2555552117 555 52. 55555555. 11555288. 1.
1155515515 11. 85. 205. 20. 05551515555. Nm. 480.
‹lolithan-ehu 1555552115. 80. 5551551355. Nm. 480. 1.
hm. 118. 210555 25. 0555155055. 0555555. 218.
1515515. 8555515. 208 555 11555555· 4555555555155555. Ν555. 218. 4.

551. 5555115. 11. B. 218. 8.

1511555. 115111. 218 555 0555555- 515155. 11. B. 213. 5.
5550. 055551185555.115511ι.214. 0.

445

choum humile. 255555. 218. 1.
5 55551555. Kanth- 214. 0.
scorpioides. Kmh. 214. 9.
simplex. 1155115. 214. 7.

15555. 11. B. 218. 2.
(5555555555. Prin. 5185 3515555555

363 et 395· s' 27 5 ’

4555105555. 11555. 896 555 422.

8555555511. Am 885 555 404.

55515555. 15155 385 555 407.

5555515155. 15155 885 555 408.

15555. 11555. 887 555 428.
chrysam. 115555.

555555555ἰά55. 1155555. 804 555 La·

55551151.

05555555. 1155111 386.
555155551551515. 81558. 887. 13.
55515155 11555. 886. 1.

55511515. 1155588818.

5550550555 1515. 337. 10. -

055515ςί1. Nm. 836. 5.

1155555555. 71555857. 9.

1155551515 81551 388. 19.

(1550555501. 115515. 887. 15.

5515555505. Ν555. 886. 4.

15555551 875551. 837. 10.

5055555115. 115555. 887. 11.

51505115. Nm. 880. 3.

pubescens. 81550. 887. 7.

05115. Konta. 888. 0.

scandens. 115515. 837. 8.

8511550. 11555. 837. 17.

1555115 Nm. 838. 2.

5510555. 815511. 887. 14.

8555555155. suna. 387. 12.
cinna. 155. 181.

5155. Nm. 182 0.

5555055555. 155 182. 7.

115555511155517655505155115551.

5515115. stin. 181 555 41.

decipient. 1155515. 181. 2.

5555555. mk. 182 555 0.

15555155. 81553. 182. 13.

1515510555. 85511. 182. 4.

latifolia. 051555. 182. 0.

macrum. 115511. 182. 9.

55515555. 115555. 182. 8. Ι

555158555188555855155555551.

5551515. 1515. 182. 0.

5151551155. 85515 182. 12.

8555511. 115515. 180 555 37.

55555555. 115575. 182. 5.

55111555. 115571. 18210.

55551155551551. 181. 1.

5151515. [sunm. 182 10.
81555555115555.

55550555. 05555. 178 555 19.
0115555155. Nm. 285 555 85.
1155155555. 11 055555. 284.

5515550511. Βτ. 284. 1.
055155555555. 1155551. Nm.

5555150555. 055551. 1155211555 9.
0551555515. 1155555.

murima. 11555555 388555 03.

8515. Im 8.

5555515. laur. 8. 2.
5555055555. Lm 8. 4. 4
5555055555 Koa 10 555 5.

5555515 Roth. 10. (555555.)
55511515. 1555. 8. 8

 

