11811. m

0161111 6116611116. 18. 188. 0161161 6111861. 11141. 68 678. 0161161 16111161 m 68 418.
[1166661811 Tm. 11661. 84. 866. 61161. Pru& 64. 888. 1661661111 sco-a 48 688.
861161 11611810161640. 61166111. 161118 688. 1111161611. 81118. 86. 887.
memmium 81618 46. 480. 16116161. 8661. 8 161 88. 116 61. Tm. 18. 188.
dum 81111141. 448. 1661161111. 111111 4. 18. 1166 18111111. 811111. 8. 68.
186161. 116116. 88. 807. 16601611 111111. 88 888. 11616161 01111611 8111 10.
1116161 866111. 11111148. 16666611. 81111. 81 111888. 116011 M„ 16. 141.
11111111. 1111111 41. 411· 16161161. 1611. 86. 868. 1118661161 81118. 818. 4611·
8111116111 m. 48. 618. 11116611 81118 81 111818. 11111111 111111.

111111. 111. 48. 688. 16111116. 116141. 860. 1111111. 1111116 867.
111111. 7611. 48 161680. 11111111 1116611 47. 861. 11116161 811168 48. 680.
111111. 11616 68161688. 71111661 Ma 86. 881. 4118161. 81118. 88 801.
1111161 m 17. 178 11 88 161 16111 111611. 7. 481· 1161161611 11611816. 146.

840. 111161. 11 111168. 801. 1116161611. 11616. 88 161864.
11111616161. 81618 11. 88. 1111111161 111118. 88. 818. 1611111111. 11 81. 68681.
1111666811. Rue». 84. 848. 161111. 116 81. 888. 16666161. Kana 46. 488.
1116161661. 811111. 8. 76. 01186111. 1161186888. 1611111 81118 46. 488.
116611111 81118. 11. 88. 0111111. Yon. 8. 78. 1611161161. [Aah. 86. 864.
86111161. 811611. 88 161 861. geminatus. 811168. 78 1116. 1666661116. 861111 8161 11.
11661161 16111116668116116111) 1111611111. 116116. 88. 488. 1666661161 1111. 60 11111.
0116616111. 81118. 87. 884. 1111611111 1111688 161 484. 1611666161 81111. 84. 847.
1661111161 811168. 88. 884. 111111. Poe. 11. 8161 80. 6666616611. 011161. 88. 881
1616161. Ma 41. 448. 111116161. um. 66. 880. 161661616661 111611 7111 481·
onmia 11 Br. 68. 687. 11616161 1113. 10. 1661111161. 11616. 48 487.
8611161611 81118 47. 608. 11616161 16111. 44161 478. indm. 111101. 46. 481.
1111161111. 1611. 6. 88 11 11188. 11616111111111111. 106 mh: 11816· 1611611 1111611. 14 180.

40. 11116661. 1661111111 m„ 48. 487 1181
1111161111. 1161111. 11 166 84. 1166111111. 111 41. 467. 16118.

1616616161. 81118. 60. 648. 1166111111 111161. 48161 468. 16111161 M„ 18. 188
1111111161. 811168. 17. 188. 1166681161. 811168 88. 878. 16111611 M„ 48 684.
1116611116.1111111.4ο.186 1161116111 81118. 84. 861. 16116161 Van. 8. 71.
1111116161. 1111 84. 878. 1660111161 R 8. 84. 874. 1611616161. 81118. 81. 888.
morphan. 81118 88 884. 11111111 11. 111. 17. 186. 1611611861 81118 6. 86.
161111111. 11111. 86. 881. 11161111. Η. Β. 84. 874. 1611161161. 811168. 64. 817.
mlum. 861111 87161 408. 11111111. 86111. 6 11188. 161681161. 11. 111. 68. 684.
1611661 Nm. 18 187. 111616166161. 81118 48. 684. 1666111161. 11616. 1016180.
111111. 111118. 88. 816. 1116161861. Poir. 61. 680. 1111. 1111 88 887.

11616111. Post. 60. 6888· 1116661661. 111111. 6. 88. 1616616661. 81118. 11. 86.
1118661661. 1111611 66. 881. 1116681661. 111611. 67. 848. , 1111661. 81111118. 88878.
1161111111 81618. 46. 601. 01111. 766. 60. 648. {ahmam 81118. 18688.
1118661161. 1661 816176. 86611111 sumt 816. 8114 1161111161 111111. 88 881.
1110111161. 116116. 86 161 881 11 1111161111111. 81118. 47. 618. 1611166111 111811. 48. 687.

40 161 487. 1166611616. 81118. 18 104 1116116861 81118. 8. 14.
1111661111. 11611111. 64. 880. “ 11666116161. 81118 8. 7. 1666161611 Dus. 18. 108.
1161111661. 81618. 88. 866. 8111611161 81618. 88 888. 11166118866111. 88 417.
11611. 11111. 48 618. 6116116811 M. 44. 478, 1111111611. 81118. 88. 811.
116168161611. 061168. 68. 1116166111161. 81118. 41. 446. 1011611611 1161111. 71 111 Gou-
1161616116111. 81118. 48. 466. 8116111661. 111111. 1111116. 88 161 161111.

1166116111 8611. 8. 68. 84. 11616111. 1111. 81. 810.
1111816111. 81618. 11. 80. 1161161. 811168. Nm. 16. 188. 8616111661. 11111 87111886.
61111661. 11111 8. 711· 1116111661. 111111 48 618. 8661111161 1111141608.
01111661. Neu. 18161181. 1116111111. 111111. 18. 187. 1161111 81118. 88 416

1111611611. 1611. 60. 644. 1161616111. Bm. 116116. 88 161 111111111ἱοί86. 1111. 60. 640.
6116611111. 811168. Nm. 48 161 187. , 1111161161811 Vm. 61 111 661.

486. · 1111616 1116. 81. 818. 0 1111111. 81118. 87. 8816
1111161111. 111118. 48. 488. 1611611111. 111118 46. 488. 11161181. 861168. 18 178.
1111616111 8166111. 46. 487. 11111. 81118 816. 8401- lum. 11611. 48. 481.
1611111111 1111168671. 11118161111111661.86111. 88. 868. 1111111111 111 18. 108.
61661. stul. 64. 884 1116861. 811668. 11111184. 876. 111111 11. 81. 68. 688.
1111181661. 8111116. 80. 188. 111111 1111611. 7. 486 111111ιί611 81118. 88. 848.
61161. 81118. 80. 880. 1111111161 Konta„ 88 818. 1116116111 81118 86. 880.
6116111111 Nm. 40. 487. 111111111161. 116116. 88 111 861. 111161116. 81118. 6. 81.
6111186611 116116. 18. 188. 1181111661. 81118 88. 808. 1166611166. 861111. 6. 48.
61611861 11. Br. 68 688. 11116161 11111. 68. 888 quenum 11161. 11. it 84 111
6111111161. noem. 18111188. 111111. 71116. 68. 868. 868.

01111616111114. 1811161 18. 80. 1161111111111. Nm. 11. 81. 1166181111. 11611. 6. 47.

81. 87. 1611166161 11111. 48 471. 11661611111. 8116. 8161 11
6111161161 111111. 8. 74. 1161616161661 11. 111. 64. 806. 1166111. 71116. 6. 41.
6111111661. 811168. 87 161888. bolonorum 8611118. 78. 11111111 Fon& 12 107.
6111111611. 8111881 111811. 1616611111. 81118. Β. 840. 1111811111. 81116. 88 161884.

Mannum 48

 

