Im

hum anuum. 11666166 299. 63. 166666 6616661666. 361666. 202. 93. 166666 6666661666. 31666. 306. 161.

messus. Meyer. 306. 132.
fasciculam. 3666666. 299. 61.
remandamus. 61666. 302. 96.
1111166636. 116. 296. 9.
61116666. 311666. 306 666 160.
fistulosus. 0666. 296. 6.
flaccidos. 31666. 303. 111.
flavescens. 11611. 290 sub l.
flon’huudus. H. B. 298 666 36.
16116666.1166].307 666163.

> 6661666611. Gay. 299. 61.

mutuus. Κ6616. 302. 101.

» 16666616. 3611666293. 11.
ι 6666661. 6661911611.

Geruli. 16611. 206161 11666160.
aomanorum. 31666. 306. 116.
(1666661 661111. 306 666116.
3166666666. 16666. 296. 11.
3166666. 3666. 296. 1.
6166661666. 66. 11. 296 666 2.
guallis. 11 Br. 306. 136.
[nullia 11661. 61. 307 666110.
6666696666. Moy«. 303. 111.
6666616666. Koma. 303 666116.
6666616666. 16661. 396119.

; (1666661. lusum 306139.
„ 11666161116666. 296 666 1.

. 6666666666116666. 301 66630.
l Η61161611661.61666.299.69.

2 holoschoenus. 16 116. 299. 62.
homomsllus. 31666 303. 117.

1166666616. 616666. 307. 110.
1166111. 1166666307 666163.
16666161. 116. 307. 171.

. 1666666166166666306161.

166666616666. 0666166. 296. 11.

. mumma. 6666. 661. 66.

1661666. 11666 1166. 302. 100.

; 1666661. 16666. 296 sub 1.
= insulanus. 1116166307666163.

intermedius. Hosl. 291 sub 6.

¹ 66666 6666661. 61.

11666661. Boius. 293. 13.

11166669. 1166661. 297. 20.
· 1666666166. Gay. 299. 66. .
¹ 166666666611166298. 12.
’ 16661661. 31666306163.
16666161. 16666191. 33.
1666666666. Gay. 301. 36.
166666166611661. 1166 306111.
1666666166. 3661. 1166. 306. 131.
littoralis. 116661. 297. 30.
1111661116. 116661. 297 666 31.
lomslophyllus. 666. 303. 109.
1666116166. seond. 299. 66.
1666666666. 366611. 306. 101.
lucidus. 1166661. 306. 111.
66661666666166. Visum. 300 sub 61.
6666611661666. Lam. 307. 169.
6666166166. 116611. 301. 123.
mulsimus. 1661. 297. 27.
6166116666. 366166666129766623.
6666661666. 31666 299. 61.
6666661666. 1166666. 296. 16.
6616666666661616616. 306. 192.
mombrsnscous. 11661. Dos. 306.
Memmium. 11666. 302. 99.
noxiosam. Willd. 296 166 7.

6666666606. 1111. 296. 36 6110.
6111116616. 111661. 306. 130. ,
1666661666. 1666. 307 666163.
1666116616 61666 301. 36.
110616666ςί1. Sps. 300. 77.
1661116ψί1666. 661611. 299 sub 61.
multiceps. 1111616301. 30.
1661116666. 116666. 296 sub 36.
6666166666. Doss- 297. 36.
6661366161. 1166166. 306 666162.
6661661116. Laos 362 666 106.
nemorosus. 11661. 293 666 32.
6166161166. Dos. 299. 61.
nodosus. 116. 299. 60.’
66661666. 1161666. 296666 17.
6616612666. 11666. 299. 60.
odoratus. Tm. 301. 130.
06166666. 1166116297. 26.
66666666 Meyer. 301. 33 6166663.
6611666666. lans 301 sub 91.
pallidus. R. 116. 296. 20.
66616616166. 11666. 296. 6.
6666116666. 116666. 302. 103.
pusillum. 3116306. 190.
pusillum. 11166 291 sub 9.
661666. 116666. 296. 3.
6666166166. 11. Br. 296. 13.
6616666666. Meyer. 300. 16.
66661666. 11616306. 160.
616166. 31666. 306. 131.
6116666. Lino 291 666 6.
616611666611. Br. 301. 123.
6161666666. Η.Β. 306. 110.
616166661611116661. 306. 111.
plebeius. 16 Br. 307. 161.
polycephalos. 111666. 302 666 101
61102.
6166666666. R. 116. 301. 90.
prismstocorpus. 3166. 301 suh 31.
procorus. 111166. 296. 21.

= 6661666661111.

6666166166. 16666. 300. 72.
66666666. 116611. 302106.
161661. 16666. 296. 23.
6666166166 16666. 296. 13.
0666166666 11166. 300. 61.
rudium 3661661. 301. 31.
166666111666. 301. 131.
molum. 11. Br. 306. 166.
titularis. Poepp. 303. 116.
6666666666. 6661616616.
1166116611. Meyer. 300. 10.
rubeus. Lon. 300 666 66.
6666116616. 300. 13.

rugosus. 61666 296. 16.
66666166116616. 303. 121.
salsuginosas. 1166666306. 130.
soubriusoulus. 116616 307. 166.
6661666661. 1166661. 300. 63.
666666666661666. 0666166 296. 10.
luitpoldus. Lam. 302. 102.
socundus. 1616306. 113.
1661666666. Putem 293 666 16.
sursulus. Τ 6666. 303 6661666166
66166666. 116611. 296. 11.
61666616. (loy. 301. 31.

singularis. 31666 302. 103.
66111611. 116616. 306 666 116.
soranum. Sclmk. 303. 120.

6666666161. 0666166. 306. 131.
666666666666. Nses. 307 666163.
6666666111. wald. 306 nub 133.
666666166116 306. 133.
6666666166. 616661. 303. 110.
stipulatus. Ν666. 296 31.
61616166966166666. 299. 63 61306
6661 2. .
6616166. 1166661. 299 sub 69.
stygius. Lio. 307. 116.
subglundulosus. 61661. 303. 113.
6661666666. semu 303. 119.
666666666666166 31666. 303. 112.
6666116. Meyer. 301. 32.
subvertiuillstus Wolf. 301 sub 30.
audoueus. 111111. 293 sub 32.
66616661166666. 301 66630.
6616611666. 116166. 296 666 11 66 16.
16666616. 11166 306. 161.
16666. 11666. 306. 193.
6666116666 61666. 306. 160.
6661616. 1161111 306. 112 ot sub 113.
166616. Misy. 306 suh 111.
lenuis. 161. ymo. 306 666 116.
16666611. 16666300. 66.
6166666166. Gay. 299. 61.
61666666. 61661 306. 169.
1116666. 116. 307. 163.
triglumis. 116. 307. 116.
lrlgouoourpus. 31661306131.
16666616. 116666 296 39.
uliginosus 11611. 301. 30.
06611161. 31663. 306. 163.

. 66611666. 61663. 306. 113.

vaginatus. 11. Br. 296. 12.
vaginatus. 616666. 296 666 20.
1611116166. 316616 296. 21.
valvum 1161. 302. 106.

- vivipsrus. vomu 66666.

Wslllohlsuus. 16666. 301. 91.
Wollvitschll. Hoelsl. 301. 136.
6661661666. 61663. 303. 116.
666661666116661. 300. 69.
6661661666. 661611309. 191.

ll

61111666 916666. 72.
616666. Blasco-72. 1.

1116616 11 116666. 311.
urgentem Proin. 31112.
66666116. 11. Br. 311. 1. ·

Kobrosiu. 1111111 210.
curleios. 111113. 216. 1.
6166616616. 116666. 211 66613.
luo. Nm. 216. 3.
nardius. Horum. 163 666 3.
6666666166. 6111166. 216. 1.
6666166. 11. dos. 133 666 3.
6166666166 (61663.) 216. 2.

1161116616 11666. 66
61616. Nm. 69. 37.
albu Nm. 69. 33.
alhs. 61666. (6661. 1666.) 11161. 70

666 19.
albescens. 311611. 63. 29.
subigus 3166170. 13.
6666116 1166111661.

monoculus». 31666 69. 11.
43 st

 

