110. Inda.

1115111115ὴί1 111. 51. 141. 99. · 1118115 8511155511. 3511118151. 143 1551151115 wem 11151. 33111. ,
15555151151. 251511. 136. 42. 151 21. 511555555511551. 334. 3.
implexa. 11111 136. 19. 11555111. stin. 145. 112. 11115115. 8111113318.

1515115511 6111. 138. 61. 115555155115. Prin. 11151. 138 1511 15555155 8111. 2511. 334. 6.

1555151511 11113551. 140. 90. 66 0. · 1555115511. 1115. 33515111.
11511551ὶὶ15. 11151. 136. 15. 1155551. 11111. 141. 101. 1511155111. 11151. 335. 15.

1151151151. 351111. 142151 115. 15111511. Η. B. 137. 52. 5551515551». 111115. 334. 2.

1155111155. 11113151. 111. 101. 11151111. 81111. 1201511131· 5555155155. 31553351.

155511 1111115. 133. 13. 815155151111514311851151119. 5511115111 Prin. 335 151 111115· ,
1155515511 0151155. 133. 7. simplicissima 81511. 139. 77. 1151111155 5.

1515. 055. 140. 88. 155555555111. Ρ1551. 140. 86. radiata. Rupr. 33512.

1555555155. m. 11551. 143. 120. 1511155111. B. 136. 16. 851551555111.Β11551 33510.
1555553155. 81556. 140. 92. 1515151511311. 133. 11. 1551111511. 1155 334. 5.

155551515515. Poir. 133. 3. 151515511 Τ 115. Rupr. 138. 72. tecta. 1111155. 334. l.

1555115115. 1115. 136. 10. 1555115115. Tria 134. 15. 1551511515111553359.

1555115555. Ρ1111. 136. 11. 8155151155. Tria. 11551. 112. 110. 315115511551.335 13.

longinum„ 811111. 120. 301· 115115151111551 Ρ511.112151111. 1155115515. 115631. 114.

151515551111551. 115111. 1555515551. 1151111. 113151119. 5551151151. Tria. 116. 29. ·
5111511511. Rich. 112. 116. 1151551151 R. Br. 113121. 55551511. 81511. 116. 27 5141311
5555515511 81111 134. 20. 5111511 mehe. 133. 6. p. 16.

5151551551. 137. 58. stricta. 311. 1331518. 15151155. 11151. 116. 31.

5151111551 115111. 139. 80. 1111511. Geyer. 133151 111. 1513155111. aad& 115. 17.

, muriam. 355111. 13915179. 1111511 1111115. 134151 11. crinita. 1111. 116. 30.

5555151. 1151111. 141. 105. 5111551515. 1111511555. 1381111661. 1155555513151. 115. 19.
5551151 15511111151103. 1515555111. (81511.) 141132. 15115511.Ν115.114.1.
555155155155. 851. 136. 19 5515. 1111111511. 31151. 138. 65. 15515131 Τ 115. 114. 1.
5151555111. Τ 115. 131. 17. 1515515515. Tria. Rupr. 137. 51. fuscam Ν511. 114. 7.

55155151.. 81551 139. 79. 8151111555 (81551.) 137. 51. 1155115511. sm 116. 26.
5555151151 1115. 11151. 138 551 ’1551111115 81153. 120. 1081· 5515151111. 115. 13.

“, 06 fl. 1555111511. stand. 138. 67. 11111515 351111. 11515116.
murina. 655135. 36. 15151551. 055. 136. 47. 1111515151. Nm. 11510.
mutabilis. 1115115151. 111. 103. 1155515511. 1115. 11151. 139. 75. 1515511151 m. 116 5131551111.
5551555511. Tria. 115. 138. tinet& 1111 11551. 131. 27. 5515515551 Prin. 116. 28.
11551. 81511. 137. 68. · 15111. 1151111. 135. 28. 5515515115 Nm. 115. 12.
Nomium. 1115. 11151. 135. 31. 1115151151. Nm. 110. 89. 1151111. 351111. 116. 21.
5151515551. Pml. 137 . 62. 5151551115. Ν111. 131. 19. 11111551. Nm. 115 151 17.

511511 Dola. 141. 128. 5515151511 1111111. 144. 131. 1551151315. 116. 25.

5115551111. 111111. 134. 18. 5515155111. 351111. 145151 136. 5555155111. Tria. 115. 21.

5511551 051. 135. 35. 61111151. 81551. 141. 98. 5511515. Nm. 115. 11.

pallida. 615111. 113. 119. 155551. 055. 140. 93. 5111111 Nou. 115. 13.

5555511 1111111551. 141135. vestita. 11551. 142113. 551511151181111.) 115. 20.
55151511 Stena. 141.107. 1511115. Prin. 112151112. 511515. 1151111. 116. 23.

5555511. T 111 115. 113. 1115511. Tria. 133. 9. 555115. 81151 111. 5.

55155515. 955151. 133. 11. 15155111. Tria 138. 66. 55155151. 351111. 115. 22.

511511 Laba. 110. 95. vulnerans. 1111111151. 115110. 115111Ν511. 114. 3.

plumoso. 115. 113. 125. 1515551555. 31551. 235. sect. IV. 15111511 81511. 115. 16.

proxima. 81551. 115. 139. 155115. 811151. 151511 1115. 114. 2.
515515111ὴί1. 1115. 11151. 112111. 5151551111 811151. 5 151 6511551· 1111511 Nm. 115. 11.

5551111 11115115. 138. 70. 155 2. tenella. 3151. 111. 8.

5555551 Dus. 145111. 1511551555. 31515. 111. 11111111. villosa. Am. 115. 9.

5555555. 3111. 15. 11. arab. 141 51115155. Nm. 111151133. 11111151113551. 111. 6.

151112. 55151155. 111551. 144151 135. 1511155511 81111 115. 15.

5551511511111111. 11111155511551111. 1151111153.

5511115. 1111111151. 139. 81. Ammon. 111511. 5155155511. Rada. 134. 11 51 221
pygmaeo. Prin. 11551. 138 551665. 5111515. 31515. 375 151 133. 151 73.

5515551555. 81153. 120. 801· Η51151511511. 1151111113 15115115- 51551115 Lim 133 151 81.
15555515. 1111115. 1331515. 11151111. 1155555151 Gaud- 15551151.
1111115518551 144, 126. 15115555553155111. 155515155551. Cyru& 195 151115·
115511. st 111. 140. 91. 3511555155. 115111141315111115· 5515151551 1.

1551111115. H. B. 135. 29. stachyn 1. austrasis. 651. 194. 13. .

155551. 1115. 137. 55. villosus. Nm. 111. 1. 5151115.1.55.111511915515
1115351551 1115111151. 135. 32. Arthrontylidium 1111511111. 335. 155515155111. 11511. 197 15115511·
115515551. 11. 8. 111. 100. 5515515. 11155. 336. 3. 155512.

1151111. 651. 141185. 11555151. 11551. 335. 1. 1155151. Dus. 195 151 1155515151·
115115. Roth. 141 151 100. 5155111551 11551. 336. 2. mos 2. ’
1155111 1111 137. 50. 5511515551 11551. 336. 1. 11151135111971511155111155513-
115551511555. 8515111. 134. 21. ’111511 11551. 336. 5. 1111111 111511. Roth. 11111 1112.
85515551. 11115 11551. 143. 117. 1551151115. 11111511 334. 11511151. 81111 423. 6⁴·

51515551 81551. 121. 1130· 5551115155. Nm. 335. 11. 1151151111. Yon. 190 15139.
1511551 151 am. 155111 5151151111. mmmmm

 

